# This is control.dat
1 0
0.929788 0.368095
0.707107 0.707107
0.368095 0.929788
0 1
-0.368095 0.929788
-0.707107 0.707107
-0.929788 0.368095
-1 0
-0.929788 -0.368095
-0.707107 -0.707107
-0.368095 -0.929788
0 -1
0.368095 -0.929788
0.707107 -0.707107
0.929788 -0.368095
4 4
-4 4
-4 -4
4 -4
3 4
2 4
1 4
1.10112e-11 4
-1 4
-2 4
-3 4
-4 3
-4 2
-4 1
-4 1.10112e-11
-4 -1
-4 -2
-4 -3
-3 -4
-2 -4
-1 -4
-1.10112e-11 -4
1 -4
2 -4
3 -4
4 -3
4 -2
4 -1
4 -1.10112e-11
4 1
4 2
4 3
-2.29603 1.50833
1.50833 2.29603
-1.50833 -2.29603
2.29603 -1.50833
0.498803 -2.52784
-0.498803 2.52784
-2.52784 -0.498803
2.52784 0.498803
1.67269 1.09876
-1.09876 1.67269
-1.67269 -1.09876
1.09876 -1.67269
1.96653 -0.453111
-0.453112 -1.96653
0.453112 1.96653
-1.96653 0.453112
-0.94635 -1.44076
1.44076 -0.946349
-1.44076 0.94635
0.94635 1.44076
-2.71363 -1.81226
1.81226 -2.71363
-1.81226 2.71363
2.71363 1.81226
1.67615 0.319708
0.319708 -1.67615
-0.319708 1.67615
-1.67615 -0.319708
0.499144 3.17439
-3.17439 0.499144
-0.499144 -3.17439
3.17439 -0.499144
-3.10974 2.54014
2.54014 3.10974
-2.54014 -3.10974
3.10974 -2.54014
1.44466 -0.275507
0.275507 1.44466
-1.44466 0.275507
-0.275507 -1.44466
-0.810011 1.23334
-1.23334 -0.810011
0.810011 -1.23334
1.23334 0.810011
-3.11897 1.27185
1.27185 3.11897
-1.27185 -3.11897
3.11897 -1.27185
-3.04715 -1.08318
3.04715 1.08318
1.08318 -3.04715
-1.08318 3.04715
-2.32321 -1.15799
-1.97118 -1.71727
2.32321 1.15799
1.97118 1.71727
1.15799 -2.32321
1.71727 -1.97118
-1.15799 2.32321
-1.71727 1.97118
-3.15883 -2.47307
2.47307 -3.15883
-2.47307 3.15883
3.15883 2.47307
-2.4769 0.83164
0.83164 2.4769
-0.83164 -2.4769
2.4769 -0.83164
0.301646 -3.23665
3.23665 0.301646
-3.23665 -0.301646
-0.301646 3.23665
-1.08315 0.71521
0.71521 1.08315
-0.71521 -1.08315
1.08315 -0.71521
-2.57903 0.149602
0.149602 2.57903
-0.149602 -2.57903
2.57903 -0.149602
-0.246078 1.27342
-1.27342 -0.246078
0.246078 -1.27342
1.27342 0.246078
-0.709466 2.03007
-2.03007 -0.709466
2.03007 0.709466
0.709466 -2.03007
2.27936 2.3675
-2.3675 2.27936
-2.27936 -2.3675
2.3675 -2.27936
-1.57606 1.45242
-1.96239 1.07488
-1.45242 -1.57606
-1.07488 -1.96239
1.57606 -1.45242
1.96239 -1.07488
1.45242 1.57606
1.07488 1.96239
-3.31547 3.31547
3.31547 3.31547
-3.31547 -3.31547
3.31547 -3.31547
-2.09199 -0.0855604
-0.0855604 2.09199
0.0855604 -2.09199
2.09199 0.0855606
1.67377 -3.38394
-3.38394 -1.67377
-1.67377 3.38394
3.38394 1.67377
-2.97844 1.91999
1.91999 2.97844
-1.91999 -2.97844
2.97844 -1.91999
1.7047 -0.53197
1.5733 -0.655329
1.57425 -0.487688
1.83527 -0.576278
1.70389 -0.699517
1.57249 -0.822899
1.44194 -0.778962
1.44283 -0.611143
1.44391 -0.4435
1.57495 -0.319919
1.70538 -0.364335
1.83592 -0.408721
-0.531971 -1.7047
-0.655329 -1.5733
-0.487688 -1.57425
-0.576279 -1.83527
-0.699517 -1.70389
-0.822899 -1.57249
-0.778963 -1.44194
-0.611143 -1.44283
-0.4435 -1.44391
-0.319919 -1.57494
-0.364335 -1.70538
-0.408722 -1.83592
-1.7047 0.531971
-1.5733 0.65533
-1.57425 0.487688
-1.83527 0.576279
-1.70389 0.699517
-1.57249 0.822899
-1.44194 0.778963
-1.44283 0.611143
-1.44391 0.4435
-1.57494 0.319919
-1.70538 0.364335
-1.83592 0.408722
0.531971 1.7047
0.655329 1.5733
0.487688 1.57425
0.576279 1.83527
0.699517 1.70389
0.822899 1.57249
0.778963 1.44194
0.611143 1.44283
0.4435 1.44391
0.319919 1.57494
0.364335 1.70538
0.408722 1.83592
-1.31706 1.14451
-1.35082 1.27092
-1.15944 1.21602
-1.47445 1.07298
-1.50825 1.19949
-1.54212 1.32597
-1.38467 1.3973
-1.19323 1.34234
-1.00186 1.28762
-0.968429 1.16174
-1.12566 1.0896
-1.28357 1.01813
-1.14451 -1.31706
-1.27092 -1.35082
-1.21602 -1.15944
-1.07298 -1.47445
-1.19949 -1.50825
-1.32597 -1.54212
-1.3973 -1.38467
-1.34234 -1.19323
-1.28762 -1.00186
-1.16174 -0.968429
-1.0896 -1.12566
-1.01813 -1.28357
1.31706 -1.14451
1.35082 -1.27092
1.15944 -1.21602
1.47445 -1.07298
1.50825 -1.19949
1.54212 -1.32597
1.38467 -1.3973
1.19323 -1.34234
1.00186 -1.28762
0.968429 -1.16174
1.12566 -1.0896
1.28357 -1.01813
1.14451 1.31706
1.27092 1.35082
1.21602 1.15944
1.07298 1.47445
1.19949 1.50825
1.32597 1.54212
1.3973 1.38467
1.34234 1.19323
1.28762 1.00186
1.16174 0.968429
1.0896 1.12566
1.01813 1.28357
-0.831953 1.56376
-0.636968 1.56477
-0.759741 1.45407
-0.904282 1.67364
-0.709576 1.6746
-0.514722 1.67544
-0.442143 1.56571
-0.564363 1.45475
-0.687196 1.34468
-0.882032 1.34292
-0.954253 1.45276
-1.02648 1.56269
-1.56376 -0.831953
-1.56477 -0.636968
-1.45407 -0.759741
-1.67364 -0.904282
-1.6746 -0.709576
-1.67544 -0.514722
-1.56571 -0.442143
-1.45475 -0.564363
-1.34468 -0.687196
-1.34292 -0.882032
-1.45276 -0.954253
-1.56269 -1.02648
1.56376 0.831954
1.56477 0.636969
1.45407 0.759741
1.67364 0.904283
1.6746 0.709577
1.67544 0.514722
1.56571 0.442143
1.45475 0.564363
1.34468 0.687196
1.34292 0.882032
1.45276 0.954253
1.56269 1.02648
0.831953 -1.56376
0.636968 -1.56477
0.759741 -1.45407
0.904283 -1.67364
0.709576 -1.6746
0.514722 -1.67544
0.442143 -1.56571
0.564363 -1.45475
0.687196 -1.34468
0.882032 -1.34292
0.954253 -1.45276
1.02648 -1.56269
-1.14597 1.50762
-1.07385 1.39763
-1.26539 1.45245
-1.45685 1.50751
-1.33757 1.5626
-1.2182 1.61768
-1.50762 -1.14597
-1.39763 -1.07385
-1.45245 -1.26539
-1.50751 -1.45685
-1.5626 -1.33757
-1.61768 -1.2182
1.14597 -1.50762
1.07385 -1.39763
1.26539 -1.45245
1.45685 -1.50751
1.33757 -1.5626
1.2182 -1.61768
1.50762 1.14597
1.39763 1.07385
1.45246 1.26539
1.50751 1.45685
1.5626 1.33757
1.61768 1.2182
3.52429 -1.79803
3.26894 -1.778
3.30403 -1.61598
3.74461 -1.98006
3.48922 -1.96005
3.23383 -1.94001
3.01359 -1.75799
3.04873 -1.59596
3.08386 -1.43391
3.33912 -1.45396
3.55936 -1.63602
3.77966 -1.81804
1.79803 3.52429
1.778 3.26894
1.61598 3.30403
1.98006 3.74461
1.96005 3.48922
1.94001 3.23383
1.75799 3.01359
1.59596 3.04873
1.43391 3.08386
1.45396 3.33912
1.63602 3.55936
1.81804 3.77966
-3.52429 1.79803
-3.26894 1.778
-3.30403 1.61598
-3.74461 1.98006
-3.48922 1.96005
-3.23383 1.94001
-3.01359 1.75799
-3.04873 1.59596
-3.08386 1.43391
-3.33912 1.45396
-3.55936 1.63602
-3.77966 1.81804
-1.79803 -3.52429
-1.778 -3.26894
-1.61598 -3.30403
-1.98006 -3.74461
-1.96005 -3.48922
-1.94001 -3.23383
-1.75799 -3.01359
-1.59596 -3.04873
-1.43391 -3.08386
-1.45396 -3.33912
-1.63602 -3.55936
-1.81804 -3.77966
2.11511 3.52209
2.25013 3.29953
2.09508 3.26668
2.13511 3.7775
2.27018 3.55497
2.40519 3.33239
2.38512 3.0769
2.23009 3.04407
2.07504 3.01125
-2.11511 -3.52209
-2.25013 -3.29953
-2.09508 -3.26668
-2.13511 -3.7775
-2.27018 -3.55497
-2.40519 -3.33239
-2.38512 -3.0769
-2.23009 -3.04407
-2.07504 -3.01125
3.52209 -2.11511
3.29953 -2.25013
3.26668 -2.09508
3.7775 -2.13511
3.55497 -2.27018
3.33239 -2.40519
3.0769 -2.38512
3.04407 -2.23009
3.01125 -2.07504
-3.52209 2.11511
-3.29953 2.25013
-3.26668 2.09508
-3.7775 2.13511
-3.55497 2.27018
-3.33239 2.40519
-3.0769 2.38512
-3.04407 2.23009
-3.01125 2.07504
1.10351 -0.159101
1.21023 -0.23003
1.08182 -0.259793
1.12701 -0.064219
1.2263 -0.141292
1.33669 -0.205928
1.31845 -0.299815
1.19292 -0.321348
1.07023 -0.351404
0.965602 -0.277632
0.988834 -0.184871
1 -0.0917474
-0.259793 -1.08181
-0.159102 -1.10351
-0.230033 -1.21022
-0.277632 -0.965602
-0.184871 -0.988834
-0.0917474 -1
-0.0642195 -1.127
-0.141296 -1.2263
-0.205928 -1.33669
-0.299814 -1.31845
-0.321351 -1.19292
-0.351404 -1.07024
0.259793 1.08181
0.159102 1.10351
0.230033 1.21022
0.277632 0.965602
0.184871 0.988834
0.0917474 1
0.0642195 1.127
0.141296 1.2263
0.205928 1.33669
0.299814 1.31845
0.321351 1.19292
0.351404 1.07024
-1.08181 0.259793
-1.10351 0.159102
-1.21022 0.230033
-0.965602 0.277632
-0.988834 0.184871
-1 0.0917474
-1.127 0.0642195
-1.2263 0.141296
-1.33669 0.205928
-1.31845 0.299814
-1.19292 0.321351
-1.07024 0.351404
0.962237 0.56498
0.89954 0.658576
1.03074 0.676452
0.892471 0.462356
0.842476 0.551661
0.78033 0.633883
0.846856 0.746901
0.976724 0.760007
1.10376 0.786817
1.16088 0.70006
1.08464 0.594498
1.02328 0.479048
-0.56498 0.962237
-0.658576 0.89954
-0.676451 1.03074
-0.462356 0.892471
-0.551661 0.842476
-0.633883 0.78033
-0.746901 0.846856
-0.760007 0.976724
-0.786817 1.10376
-0.70006 1.16088
-0.594498 1.08464
-0.479048 1.02328
-0.962237 -0.56498
-0.89954 -0.658576
-1.03074 -0.676451
-0.892471 -0.462356
-0.842476 -0.551661
-0.78033 -0.633883
-0.846856 -0.746901
-0.976724 -0.760007
-1.10376 -0.786817
-1.16088 -0.70006
-1.08464 -0.594498
-1.02328 -0.479048
0.56498 -0.962237
0.658576 -0.89954
0.676451 -1.03074
0.462356 -0.892471
0.551661 -0.842476
0.633883 -0.78033
0.746901 -0.846856
0.760007 -0.976724
0.786817 -1.10376
0.70006 -1.16088
0.594498 -1.08464
0.479048 -1.02328
-0.112505 1.7223
-0.0539832 1.82616
0.0361712 1.66435
-0.261069 1.7801
-0.20251 1.88404
-0.144011 1.98801
0.00448682 1.93006
0.0946113 1.76817
0.184916 1.60651
0.126482 1.50304
-0.0223596 1.56056
-0.171122 1.61851
-1.7223 -0.112505
-1.82616 -0.0539832
-1.66435 0.0361712
-1.7801 -0.261069
-1.88404 -0.20251
-1.98801 -0.144011
-1.93006 0.00448683
-1.76817 0.0946113
-1.60651 0.184916
-1.50304 0.126482
-1.56056 -0.0223596
-1.61851 -0.171122
1.7223 0.112505
1.82616 0.0539835
1.66435 -0.0361709
1.7801 0.261069
1.88404 0.20251
1.98801 0.144011
1.93006 -0.0044866
1.76817 -0.094611
1.60651 -0.184916
1.50304 -0.126481
1.56056 0.0223602
1.61851 0.171122
0.112505 -1.7223
0.0539832 -1.82616
-0.0361712 -1.66435
0.261069 -1.7801
0.20251 -1.88404
0.144011 -1.98801
-0.00448681 -1.93006
-0.0946113 -1.76817
-0.184916 -1.60651
-0.126482 -1.50304
0.0223596 -1.56056
0.171122 -1.61851
0.96035 1.19401
1.0318 1.03541
0.902916 1.10476
1.10474 0.878475
0.973326 0.946243
0.845784 1.01395
0.772591 1.17187
0.83048 1.26147
0.888403 1.35108
-1.19401 0.96035
-1.03541 1.0318
-1.10476 0.902916
-0.878475 1.10474
-0.946243 0.973326
-1.01395 0.845784
-1.17187 0.772591
-1.26147 0.83048
-1.35108 0.888403
-0.96035 -1.19401
-1.0318 -1.03541
-0.902916 -1.10476
-1.10474 -0.878475
-0.973326 -0.946243
-0.845784 -1.01395
-0.772591 -1.17187
-0.83048 -1.26147
-0.888403 -1.35108
1.19401 -0.96035
1.03541 -1.0318
1.10476 -0.902915
0.878475 -1.10474
0.946243 -0.973325
1.01395 -0.845784
1.17187 -0.77259
1.26147 -0.83048
1.35108 -0.888402
-2.63509 -3.77745
-2.52015 -3.55491
-2.38511 -3.77747
-2.88506 -3.77742
-2.77009 -3.55484
-2.65511 -3.33228
-2.25 -4
-2.5 -4
-2.75 -4
3.77745 -2.63509
3.55491 -2.52015
3.77747 -2.38511
3.77742 -2.88506
3.55484 -2.77009
3.33228 -2.65511
4 -2.25
4 -2.5
4 -2.75
-3.77745 2.63509
-3.55491 2.52015
-3.77747 2.38511
-3.77742 2.88506
-3.55484 2.77009
-3.33228 2.65511
-4 2.25
-4 2.5
-4 2.75
2.63509 3.77745
2.52015 3.55491
2.38511 3.77747
2.88506 3.77742
2.77009 3.55484
2.65511 3.33228
2.25 4
2.5 4
2.75 4
-3.79354 0.62484
-3.58713 0.499589
-3.79355 0.374767
-3.79352 0.874887
-3.58709 0.749692
-3.38071 0.624445
-3.38077 0.374272
-3.58714 0.249458
-3.79355 0.124692
-4 0.25
-4 0.5
-4 0.75
0.62484 3.79354
0.499589 3.58713
0.374767 3.79355
0.874887 3.79352
0.749692 3.58709
0.624445 3.38071
0.374272 3.38077
0.249458 3.58714
0.124692 3.79355
0.25 4
0.5 4
0.75 4
3.79354 -0.62484
3.58713 -0.499589
3.79355 -0.374767
3.79352 -0.874887
3.58709 -0.749692
3.38071 -0.624445
3.38077 -0.374272
3.58714 -0.249458
3.79355 -0.124692
4 -0.25
4 -0.5
4 -0.75
-0.62484 -3.79354
-0.499589 -3.58713
-0.374767 -3.79355
-0.874887 -3.79352
-0.749692 -3.58709
-0.624445 -3.38071
-0.374272 -3.38077
-0.249458 -3.58714
-0.124692 -3.79355
-0.25 -4
-0.5 -4
-0.75 -4
1.08912 0.443548
1.17379 0.559598
1.17794 0.420962
1.24399 0.669665
1.2534 0.527028
1.26273 0.38778
1.19055 0.277671
1.1083 0.307445
1.02403 0.344037
-0.443548 1.08912
-0.559598 1.17379
-0.420962 1.17794
-0.669664 1.24399
-0.527027 1.2534
-0.387779 1.26273
-0.277671 1.19055
-0.307445 1.1083
-0.344037 1.02403
0.443548 -1.08912
0.559598 -1.17379
0.420962 -1.17794
0.669664 -1.24399
0.527027 -1.2534
0.387779 -1.26273
0.277671 -1.19055
0.307445 -1.1083
0.344037 -1.02403
-1.08912 -0.443548
-1.17379 -0.559598
-1.17794 -0.420962
-1.24399 -0.669664
-1.2534 -0.527027
-1.26273 -0.387779
-1.19055 -0.277671
-1.1083 -0.307445
-1.02403 -0.344037
-1.09118 0.431134
-1.22936 0.411373
-1.13972 0.515117
-1.35477 0.38514
-1.26274 0.494683
-1.17433 0.604162
-1.04862 0.629625
-1.01268 0.546347
-0.982689 0.453805
0.431134 1.09118
0.411373 1.22936
0.515117 1.13972
0.38514 1.35477
0.494682 1.26274
0.604162 1.17433
0.629624 1.04862
0.546347 1.01268
0.453805 0.982689
-0.431134 -1.09118
-0.411373 -1.22936
-0.515117 -1.13972
-0.38514 -1.35477
-0.494682 -1.26274
-0.604162 -1.17433
-0.629625 -1.04862
-0.546347 -1.01268
-0.453805 -0.982689
1.09118 -0.431133
1.22936 -0.411372
1.13972 -0.515116
1.35477 -0.38514
1.26274 -0.494682
1.17433 -0.604162
1.04862 -0.629624
1.01268 -0.546347
0.982689 -0.453806
0.273972 1.8674
0.229503 1.73687
0.139198 1.89879
0.0490758 2.06073
0.183752 2.02941
0.31844 1.998
-1.8674 0.273973
-1.73687 0.229503
-1.89879 0.139198
-2.06073 0.0490758
-2.02941 0.183752
-1.998 0.31844
-0.273972 -1.8674
-0.229503 -1.73687
-0.139198 -1.89879
-0.0490758 -2.06073
-0.183752 -2.02941
-0.31844 -1.998
1.8674 -0.273972
1.73687 -0.229503
1.89879 -0.139198
2.06073 -0.0490756
2.02941 -0.183752
1.998 -0.31844
-0.721044 -1.35246
-0.663286 -1.26348
-0.55249 -1.35302
1.35246 -0.721043
1.26348 -0.663285
1.35302 -0.552489
-1.35246 0.721044
-1.26348 0.663286
-1.35302 0.55249
0.721044 1.35246
0.663286 1.26348
0.55249 1.35302
0.83505 0.824818
0.847496 0.919345
0.975387 0.857876
0.721226 0.806274
0.715068 0.902004
0.715954 0.991894
-0.824818 0.83505
-0.919345 0.847496
-0.857876 0.975387
-0.806274 0.721226
-0.902004 0.715068
-0.991894 0.715955
-0.83505 -0.824818
-0.847496 -0.919345
-0.975387 -0.857876
-0.721226 -0.806274
-0.715068 -0.902004
-0.715955 -0.991894
0.824818 -0.83505
0.919345 -0.847496
0.857876 -0.975387
0.806274 -0.721225
0.902004 -0.715068
0.991894 -0.715954
-2.71636 -2.11629
-2.60783 -2.25509
-2.82766 -2.28147
-2.60512 -1.95111
-2.49656 -2.08994
-2.38798 -2.22874
-2.49926 -2.39386
-2.71913 -2.42025
-2.93898 -2.44666
-3.04748 -2.30787
-2.93616 -2.14267
-2.82487 -1.97746
2.11629 -2.71636
2.25509 -2.60783
2.28147 -2.82766
1.95111 -2.60512
2.08994 -2.49656
2.22874 -2.38798
2.39386 -2.49926
2.42025 -2.71913
2.44666 -2.93898
2.30787 -3.04748
2.14267 -2.93616
1.97746 -2.82487
-2.11629 2.71636
-2.25509 2.60783
-2.28147 2.82766
-1.95111 2.60512
-2.08994 2.49656
-2.22874 2.38798
-2.39386 2.49926
-2.42025 2.71913
-2.44666 2.93898
-2.30787 3.04748
-2.14267 2.93616
-1.97746 2.82487
2.71636 2.11629
2.60783 2.25509
2.82766 2.28147
2.60512 1.95111
2.49656 2.08994
2.38798 2.22874
2.49926 2.39386
2.71913 2.42025
2.93898 2.44666
3.04748 2.30787
2.93616 2.14267
2.82487 1.97746
0.423767 -1.46495
0.405493 -1.36438
0.546108 -1.3536
0.301298 -1.57528
0.282865 -1.47446
0.264475 -1.37363
-0.423767 1.46495
-0.405493 1.36438
-0.546108 1.3536
-0.301298 1.57528
-0.282865 1.47446
-0.264475 1.37363
-1.46495 -0.423767
-1.36438 -0.405493
-1.3536 -0.546108
-1.57528 -0.301298
-1.47446 -0.282865
-1.37363 -0.264475
1.46495 0.423767
1.36438 0.405494
1.3536 0.546109
1.57528 0.301299
1.47446 0.282865
1.37363 0.264475
1.83419 -0.731824
1.83306 -0.887294
1.70272 -0.855095
1.96557 -0.608662
1.96454 -0.76415
1.96347 -0.919557
1.83192 -1.04265
1.70148 -1.01046
1.57108 -0.978326
-0.731824 -1.83419
-0.887295 -1.83306
-0.855095 -1.70272
-0.608663 -1.96557
-0.76415 -1.96454
-0.919557 -1.96347
-1.04265 -1.83192
-1.01046 -1.70148
-0.978326 -1.57108
0.731824 1.83419
0.887294 1.83306
0.855095 1.70272
0.608663 1.96557
0.76415 1.96454
0.919557 1.96347
1.04265 1.83192
1.01046 1.70148
0.978326 1.57108
-1.83419 0.731824
-1.83306 0.887295
-1.70272 0.855095
-1.96557 0.608663
-1.96454 0.76415
-1.96347 0.919557
-1.83192 1.04265
-1.70148 1.01046
-1.57108 0.978326
1.17606 -0.00407664
1.25093 0.0506966
1.29606 -0.0754736
1.08068 0.0555422
1.14306 0.125378
1.2086 0.184264
1.31652 0.114907
1.35876 -0.0143448
1.40245 -0.145406
-0.00407769 -1.17606
0.050696 -1.25093
-0.0754756 -1.29606
0.0555419 -1.08068
0.125378 -1.14306
0.184264 -1.2086
0.114907 -1.31652
-0.0143463 -1.35875
-0.145406 -1.40245
0.0040777 1.17606
-0.050696 1.25093
0.0754756 1.29606
-0.0555419 1.08068
-0.125378 1.14306
-0.184264 1.2086
-0.114907 1.31652
0.0143463 1.35875
0.145406 1.40245
-1.17606 0.0040777
-1.25093 -0.050696
-1.29606 0.0754756
-1.08068 -0.0555419
-1.14306 -0.125378
-1.2086 -0.184264
-1.31652 -0.114907
-1.35875 0.0143463
-1.40245 0.145406
-0.806842 1.76301
-0.709453 1.85229
-0.612107 1.76383
-1.00143 1.76215
-0.904085 1.85152
-0.806763 1.94082
-0.612109 1.94151
-0.514708 1.853
-0.417264 1.76454
1.76301 0.806842
1.85229 0.709453
1.76383 0.612107
1.76215 1.00143
1.85152 0.904086
1.94082 0.806763
1.94151 0.612109
1.853 0.514708
1.76454 0.417264
-1.76301 -0.806842
-1.85229 -0.709453
-1.76383 -0.612107
-1.76215 -1.00143
-1.85152 -0.904085
-1.94082 -0.806763
-1.94151 -0.612109
-1.853 -0.514708
-1.76454 -0.417264
0.806842 -1.76301
0.709453 -1.85229
0.612107 -1.76383
1.00143 -1.76215
0.904085 -1.85152
0.806763 -1.94082
0.612109 -1.94151
0.514708 -1.853
0.417264 -1.76454
3.57329 -0.942803
3.35307 -1.01074
3.36689 -0.817596
3.77973 -1.06796
3.55948 -1.13592
3.33923 -1.20387
3.13285 -1.07871
3.14672 -0.885541
3.16056 -0.692348
-0.942803 -3.57329
-1.01074 -3.35307
-0.817596 -3.36689
-1.06796 -3.77973
-1.13592 -3.55948
-1.20387 -3.33923
-1.07871 -3.13285
-0.885541 -3.14672
-0.692348 -3.16056
0.942803 3.57329
1.01074 3.35307
0.817596 3.36689
1.06796 3.77973
1.13592 3.55948
1.20387 3.33923
1.07871 3.13285
0.885541 3.14672
0.692348 3.16056
-3.57329 0.942803
-3.35307 1.01074
-3.36689 0.817596
-3.77973 1.06796
-3.55948 1.13592
-3.33923 1.20387
-3.13285 1.07871
-3.14672 0.885541
-3.16056 0.692348
1.28003 2.54702
1.11088 2.59218
1.2209 2.7527
1.33923 2.34129
1.17008 2.38654
1.00087 2.43174
0.941716 2.63732
1.05177 2.79782
1.16182 2.95838
1.33093 2.91327
1.39002 2.70756
1.44915 2.50183
-2.54702 1.28003
-2.59218 1.11088
-2.7527 1.2209
-2.34129 1.33923
-2.38653 1.17008
-2.43174 1.00087
-2.63732 0.941716
-2.79782 1.05177
-2.95838 1.16182
-2.91327 1.33093
-2.70756 1.39002
-2.50183 1.44915
-1.28003 -2.54702
-1.11088 -2.59218
-1.2209 -2.7527
-1.33923 -2.34129
-1.17008 -2.38653
-1.00087 -2.43174
-0.941716 -2.63732
-1.05177 -2.79782
-1.16182 -2.95838
-1.33093 -2.91327
-1.39002 -2.70756
-1.44915 -2.50183
2.54702 -1.28003
2.59218 -1.11088
2.7527 -1.2209
2.34129 -1.33923
2.38653 -1.17008
2.43174 -1.00087
2.63732 -0.941716
2.79782 -1.05177
2.95838 -1.16182
2.91327 -1.33093
2.70756 -1.39002
2.50183 -1.44915
0.152676 -1.51776
0.00357034 -1.45961
0.134229 -1.41738
1.51776 0.152676
1.45961 0.00357106
1.41738 0.134229
-0.152676 1.51776
-0.00357033 1.45961
-0.134229 1.41738
-1.51776 -0.152676
-1.45961 -0.00357032
-1.41738 -0.134229
-2.62966 -2.76505
-2.78435 -2.60588
-2.56445 -2.57946
-2.69489 -2.95065
-2.84958 -2.7915
-3.00423 -2.63231
-2.34452 -2.55305
-2.40972 -2.73861
-2.47493 -2.92417
2.76505 -2.62966
2.60588 -2.78435
2.57946 -2.56445
2.95065 -2.69489
2.7915 -2.84958
2.63231 -3.00423
2.55305 -2.34452
2.73861 -2.40972
2.92417 -2.47493
2.62966 2.76505
2.78435 2.60588
2.56445 2.57946
2.69489 2.95065
2.84958 2.7915
3.00423 2.63231
2.34452 2.55305
2.40972 2.73861
2.47493 2.92417
-2.76505 2.62966
-2.60588 2.78435
-2.57946 2.56445
-2.95065 2.69489
-2.7915 2.84958
-2.63231 3.00423
-2.55305 2.34452
-2.73861 2.40972
-2.92417 2.47493
-2.96396 -3.60632
-3.04281 -3.43519
-2.84896 -3.38373
-3.07894 -3.82891
-3.15783 -3.6578
-3.23667 -3.48666
-3.12164 -3.26403
-2.92781 -3.21259
-2.73398 -3.16115
3.60632 -2.96396
3.43519 -3.04281
3.38373 -2.84896
3.82891 -3.07894
3.6578 -3.15783
3.48666 -3.23667
3.26403 -3.12164
3.21259 -2.92781
3.16115 -2.73398
2.96396 3.60632
3.04281 3.43519
2.84896 3.38373
3.07894 3.82891
3.15783 3.6578
3.23667 3.48666
3.12164 3.26403
2.92781 3.21259
2.73398 3.16115
-3.60632 2.96396
-3.43519 3.04281
-3.38373 2.84896
-3.82891 3.07894
-3.6578 3.15783
-3.48666 3.23667
-3.26403 3.12164
-3.21259 2.92781
-3.16115 2.73398
0.0493464 3.6027
0.174113 3.39633
-0.0260386 3.41189
0.298948 3.18999
0.0987407 3.20557
-0.101462 3.22111
-0.226183 3.42744
-0.150757 3.61826
-0.0753577 3.80911
-3.6027 0.0493464
-3.39633 0.174113
-3.41189 -0.0260386
-3.18999 0.298948
-3.20557 0.0987407
-3.22111 -0.101462
-3.42744 -0.226183
-3.61826 -0.150757
-3.80911 -0.0753577
3.6027 -0.0493464
3.39633 -0.174113
3.41189 0.0260386
3.18999 -0.298948
3.20557 -0.0987407
3.22111 0.101462
3.42744 0.226183
3.61826 0.150757
3.80911 0.0753577
-0.0493464 -3.6027
-0.174113 -3.39633
0.0260386 -3.41189
-0.298948 -3.18999
-0.0987407 -3.20557
0.101462 -3.22111
0.226183 -3.42744
0.150757 -3.61826
0.0753577 -3.80911
-2.98617 0.775439
-2.97228 0.96865
-2.81176 0.858563
-2.65129 0.748439
-2.82565 0.665299
-3.00002 0.582204
0.775439 2.98617
0.96865 2.97228
0.858563 2.81176
0.748439 2.65129
0.665299 2.82565
0.582204 3.00002
2.98617 -0.775439
2.97228 -0.96865
2.81176 -0.858563
2.65129 -0.748439
2.82565 -0.665299
3.00002 -0.582204
-0.775439 -2.98617
-0.96865 -2.97228
-0.858563 -2.81176
-0.748439 -2.65129
-0.665299 -2.82565
-0.582204 -3.00002
-2.6065 -0.809741
-2.55536 -0.974491
-2.7363 -0.955803
-2.47676 -0.663624
-2.42563 -0.828445
-2.37444 -0.99324
-2.50419 -1.13922
-2.68517 -1.12051
-2.86616 -1.10184
-2.91726 -0.937147
-2.78741 -0.791082
-2.6576 -0.644977
2.6065 0.809741
2.55536 0.974492
2.7363 0.955803
2.47676 0.663624
2.42563 0.828445
2.37444 0.99324
2.50419 1.13922
2.68517 1.12051
2.86616 1.10184
2.91726 0.937148
2.78741 0.791083
2.6576 0.644977
-0.809741 2.6065
-0.974491 2.55536
-0.955803 2.7363
-0.663624 2.47676
-0.828445 2.42563
-0.99324 2.37444
-1.13922 2.50419
-1.12051 2.68517
-1.10184 2.86616
-0.937147 2.91726
-0.791082 2.78741
-0.644977 2.6576
0.809741 -2.6065
0.974491 -2.55536
0.955803 -2.7363
0.663624 -2.47676
0.828445 -2.42563
0.99324 -2.37444
1.13922 -2.50419
1.12051 -2.68517
1.10184 -2.86616
0.937147 -2.91726
0.791082 -2.78741
0.644977 -2.6576
-2.83484 -0.595624
-2.96468 -0.741743
-3.01207 -0.546312
-3.09457 -0.887812
-3.14196 -0.692422
-3.18931 -0.497028
-3.05941 -0.350888
-2.88219 -0.400155
-2.70501 -0.449451
-0.595624 2.83484
-0.741743 2.96468
-0.546312 3.01207
-0.887812 3.09457
-0.692422 3.14196
-0.497028 3.18931
-0.350888 3.05941
-0.400155 2.88219
-0.449451 2.70501
2.83484 0.595624
2.96468 0.741743
3.01207 0.546312
3.09457 0.887812
3.14196 0.692423
3.18931 0.497028
3.05941 0.350888
2.88219 0.400155
2.70501 0.449451
0.595624 -2.83484
0.741743 -2.96468
0.546312 -3.01207
0.887812 -3.09457
0.692422 -3.14196
0.497028 -3.18931
0.350888 -3.05941
0.400155 -2.88219
0.449451 -2.70501
-1.90989 -1.26818
-1.98453 -1.42286
-2.07258 -1.28299
-1.74716 -1.25345
-1.82175 -1.40806
-1.89643 -1.56267
-2.05925 -1.57752
-2.14729 -1.43771
-2.23528 -1.29786
-2.16055 -1.14308
-1.99791 -1.12822
-1.8353 -1.11343
1.90989 1.26818
1.98453 1.42286
2.07258 1.28299
1.74716 1.25345
1.82175 1.40806
1.89643 1.56267
2.05925 1.57752
2.14729 1.43771
2.23528 1.29786
2.16055 1.14308
1.99791 1.12822
1.8353 1.11343
-1.26818 1.90989
-1.42286 1.98453
-1.28299 2.07258
-1.25345 1.74716
-1.40806 1.82175
-1.56267 1.89643
-1.57752 2.05925
-1.43771 2.14729
-1.29786 2.23528
-1.14308 2.16055
-1.12822 1.99791
-1.11343 1.8353
1.26818 -1.90989
1.42286 -1.98453
1.28299 -2.07258
1.25345 -1.74716
1.40806 -1.82175
1.56267 -1.89643
1.57752 -2.05925
1.43771 -2.14729
1.29786 -2.23528
1.14308 -2.16055
1.12822 -1.99791
1.11343 -1.8353
-1.56804 -3.77969
-1.38599 -3.55943
-1.31801 -3.77971
-1.25 -4
-1.5 -4
-1.75 -4
3.77969 -1.56804
3.55943 -1.38599
3.77971 -1.31801
4 -1.25
4 -1.5
4 -1.75
1.56804 3.77969
1.38599 3.55943
1.31801 3.77971
1.25 4
1.5 4
1.75 4
-3.77969 1.56804
-3.55943 1.38599
-3.77971 1.31801
-4 1.25
-4 1.5
-4 1.75
0.287406 -2.71783
0.238143 -2.895
0.125354 -2.73063
0.18891 -3.0722
0.0761294 -2.90778
-0.0366989 -2.7434
0.0124932 -2.5663
0.174606 -2.55353
0.336716 -2.54071
2.71783 0.287406
2.895 0.238143
2.73063 0.125354
3.0722 0.18891
2.90778 0.0761295
2.7434 -0.0366988
2.5663 0.0124933
2.55353 0.174606
2.54071 0.336716
-0.287406 2.71783
-0.238143 2.895
-0.125354 2.73063
-0.18891 3.0722
-0.0761294 2.90778
0.0366989 2.7434
-0.0124932 2.5663
-0.174606 2.55353
-0.336716 2.54071
-2.71783 -0.287406
-2.895 -0.238143
-2.73063 -0.125354
-3.0722 -0.18891
-2.90778 -0.0761294
-2.7434 0.0366989
-2.5663 -0.0124932
-2.55353 -0.174606
-2.54071 -0.336716
-3.57088 -0.846283
-3.38006 -0.671694
-3.3327 -0.867034
-3.80909 -0.825538
-3.61822 -0.650985
-3.42741 -0.476356
-3.28533 -1.06237
-3.52353 -1.0416
-3.76175 -1.02082
-0.846283 3.57088
-0.671694 3.38006
-0.867034 3.3327
-0.825538 3.80909
-0.650985 3.61822
-0.476356 3.42741
-1.06237 3.28533
-1.0416 3.52353
-1.02082 3.76175
0.846283 -3.57088
0.671694 -3.38006
0.867034 -3.3327
0.825538 -3.80909
0.650985 -3.61822
0.476356 -3.42741
1.06237 -3.28533
1.0416 -3.52353
1.02082 -3.76175
3.57088 0.846283
3.38006 0.671694
3.3327 0.867035
3.80909 0.825538
3.61822 0.650985
3.42741 0.476356
3.28533 1.06237
3.52353 1.0416
3.76175 1.02082
-0.325427 3.80911
-0.400879 3.61826
-0.575495 3.8091
-0.75 4
-0.5 4
-0.25 4
-3.80911 -0.325427
-3.61826 -0.400879
-3.8091 -0.575495
-4 -0.75
-4 -0.5
-4 -0.25
0.325427 -3.80911
0.400879 -3.61826
0.575495 -3.8091
0.75 -4
0.5 -4
0.25 -4
3.80911 0.325427
3.61826 0.400879
3.8091 0.575495
4 0.75
4 0.5
4 0.25
-2.24722 0.471843
-2.40039 0.395953
-2.37483 0.566524
-2.11964 0.377104
-2.27275 0.301207
-2.42588 0.225379
-2.55357 0.320125
-2.52806 0.490656
-2.5025 0.661167
-2.34921 0.737048
-2.22158 0.642437
-2.09401 0.547804
0.471843 2.24722
0.395953 2.40039
0.566524 2.37483
0.377104 2.11964
0.301207 2.27275
0.225379 2.42588
0.320125 2.55357
0.490656 2.52806
0.661167 2.5025
0.737048 2.34921
0.642437 2.22158
0.547804 2.09401
2.24722 -0.471843
2.40039 -0.395952
2.37483 -0.566524
2.11964 -0.377104
2.27275 -0.301207
2.42588 -0.225379
2.55357 -0.320125
2.52806 -0.490656
2.5025 -0.661167
2.34921 -0.737047
2.22158 -0.642436
2.09401 -0.547804
-0.471843 -2.24722
-0.395953 -2.40039
-0.566524 -2.37483
-0.377104 -2.11964
-0.301207 -2.27275
-0.225379 -2.42588
-0.320125 -2.55357
-0.490656 -2.52806
-0.661167 -2.5025
-0.737048 -2.34921
-0.642437 -2.22158
-0.547804 -2.09401
2.6994 1.46646
2.7828 1.28416
2.60178 1.30286
2.79706 1.63003
2.88047 1.44777
2.96383 1.26548
2.42073 1.3216
2.51831 1.48517
2.61595 1.64872
-2.6994 -1.46646
-2.7828 -1.28416
-2.60178 -1.30286
-2.79706 -1.63003
-2.88047 -1.44777
-2.96383 -1.26548
-2.42073 -1.3216
-2.51831 -1.48517
-2.61595 -1.64872
1.46646 -2.6994
1.28416 -2.7828
1.30286 -2.60178
1.63003 -2.79706
1.44777 -2.88047
1.26548 -2.96383
1.3216 -2.42073
1.48517 -2.51831
1.64872 -2.61595
-1.46646 2.6994
-1.28416 2.7828
-1.30286 2.60178
-1.63003 2.79706
-1.44777 2.88047
-1.26548 2.96383
-1.3216 2.42073
-1.48517 2.51831
-1.64872 2.61595
-2.67237 1.55209
-2.87813 1.493
-2.84296 1.65504
-2.80778 1.81705
-2.63715 1.71411
-2.46656 1.6112
2.67237 -1.55209
2.87813 -1.493
2.84296 -1.65504
2.80778 -1.81705
2.63715 -1.71411
2.46656 -1.6112
1.55209 2.67237
1.493 2.87813
1.65504 2.84296
1.81705 2.80778
1.71411 2.63715
1.6112 2.46656
-1.55209 -2.67237
-1.493 -2.87813
-1.65504 -2.84296
-1.81705 -2.80778
-1.71411 -2.63715
-1.6112 -2.46656
0.703255 2.09306
0.797829 2.22065
0.85866 2.09208
0.892394 2.3483
0.953182 2.2197
1.01401 2.09107
-2.09306 0.703255
-2.22065 0.797829
-2.09208 0.858661
-2.3483 0.892394
-2.2197 0.953182
-2.09107 1.01401
2.09306 -0.703255
2.22065 -0.797829
2.09208 -0.85866
2.3483 -0.892394
2.2197 -0.953182
2.09107 -1.01401
-0.703255 -2.09306
-0.797829 -2.22065
-0.85866 -2.09208
-0.892394 -2.3483
-0.953182 -2.2197
-1.01401 -2.09107
3.04111 -0.21157
2.89225 -0.124155
3.05667 -0.0113205
3.0255 -0.411804
2.87664 -0.324438
2.72782 -0.237043
-0.21157 -3.04111
-0.124155 -2.89225
-0.0113206 -3.05667
-0.411804 -3.0255
-0.324438 -2.87664
-0.237043 -2.72782
-3.04111 0.21157
-2.89225 0.124155
-3.05667 0.0113206
-3.0255 0.411804
-2.87664 0.324438
-2.72782 0.237043
0.21157 3.04111
0.124155 2.89225
0.0113206 3.05667
0.411804 3.0255
0.324438 2.87664
0.237043 2.72782
1.62493 -2.43038
1.46141 -2.33279
1.60119 -2.24481
1.74094 -2.15681
1.76467 -2.34242
1.78845 -2.52802
-1.62493 2.43038
-1.46141 2.33279
-1.60119 2.24481
-1.74094 2.15681
-1.76467 2.34242
-1.78845 2.52802
2.43038 1.62493
2.33279 1.46141
2.24481 1.60119
2.15681 1.74094
2.34242 1.76468
2.52802 1.78845
-2.43038 -1.62493
-2.33279 -1.46141
-2.24481 -1.60119
-2.15681 -1.74094
-2.34242 -1.76467
-2.52802 -1.78845
-3.78973 -2.36833
-3.57944 -2.4866
-3.78971 -2.61832
-3.78976 -2.11833
-3.57949 -2.23662
-3.36919 -2.35487
-3.36909 -2.6048
-3.57938 -2.73655
-3.78969 -2.86829
-4 -2.75
-4 -2.5
-4 -2.25
2.36833 -3.78973
2.4866 -3.57944
2.61832 -3.78971
2.11833 -3.78976
2.23662 -3.57949
2.35487 -3.36919
2.6048 -3.36909
2.73655 -3.57938
2.86829 -3.78969
2.75 -4
2.5 -4
2.25 -4
3.78973 2.36833
3.57944 2.4866
3.78971 2.61832
3.78976 2.11833
3.57949 2.23662
3.36919 2.35487
3.36909 2.6048
3.57938 2.73655
3.78969 2.86829
4 2.75
4 2.5
4 2.25
-2.36833 3.78973
-2.4866 3.57944
-2.61832 3.78971
-2.11833 3.78976
-2.23662 3.57949
-2.35487 3.36919
-2.6048 3.36909
-2.73655 3.57938
-2.86829 3.78969
-2.75 4
-2.5 4
-2.25 4
-1.92467 -1.01617
-2.08726 -1.03101
-2.01401 -0.91891
-2.24987 -1.0459
-2.17656 -0.933795
-2.1033 -0.821656
1.92467 1.01617
2.08726 1.03101
2.01401 0.91891
2.24987 1.0459
2.17656 0.933795
2.1033 0.821656
-1.01617 1.92467
-1.03101 2.08726
-0.91891 2.01401
-1.0459 2.24987
-0.933795 2.17656
-0.821656 2.1033
1.01617 -1.92467
1.03101 -2.08726
0.91891 -2.01401
1.0459 -2.24987
0.933795 -2.17656
0.821656 -2.1033
-1.61003 -1.97143
-1.72579 -1.8267
-1.59605 -1.79139
-1.62407 -2.15144
-1.73982 -2.00679
-1.85552 -1.86206
-1.8415 -1.6819
-1.71182 -1.64657
-1.58213 -1.61128
-1.46626 -1.75611
-1.48021 -1.93609
-1.49425 -2.11606
1.97143 -1.61003
1.8267 -1.72579
1.79139 -1.59605
2.15144 -1.62407
2.00679 -1.73982
1.86206 -1.85552
1.6819 -1.8415
1.64657 -1.71182
1.61128 -1.58213
1.75611 -1.46626
1.93609 -1.48021
2.11606 -1.49425
1.61003 1.97143
1.72579 1.8267
1.59605 1.79139
1.62407 2.15144
1.73982 2.00679
1.85552 1.86206
1.8415 1.6819
1.71182 1.64657
1.58213 1.61128
1.46626 1.75611
1.48021 1.93609
1.49425 2.11606
-1.97143 1.61003
-1.8267 1.72579
-1.79139 1.59605
-2.15144 1.62407
-2.00679 1.73982
-1.86206 1.85552
-1.6819 1.8415
-1.64657 1.71182
-1.61128 1.58213
-1.75611 1.46626
-1.93609 1.48021
-2.11606 1.49425
0.636503 0.866254
0.543883 0.928052
0.62979 0.956396
0.633883 0.78033
0.551661 0.842476
0.462356 0.892471
-0.866254 0.636503
-0.928052 0.543883
-0.956396 0.62979
-0.78033 0.633883
-0.842476 0.551661
-0.892471 0.462356
-0.636503 -0.866254
-0.543883 -0.928052
-0.62979 -0.956396
-0.633883 -0.78033
-0.551661 -0.842476
-0.462356 -0.892471
0.866254 -0.636503
0.928052 -0.543883
0.956396 -0.62979
0.78033 -0.633883
0.842476 -0.551661
0.892471 -0.462356
1.06448 0.15148
1.0435 0.252097
1.12429 0.215428
1 0.0917474
0.988834 0.184871
0.965602 0.277632
-0.15148 1.06448
-0.252097 1.0435
-0.215427 1.12429
-0.0917474 1
-0.184871 0.988834
-0.277632 0.965602
-1.06448 -0.15148
-1.0435 -0.252097
-1.12429 -0.215427
-1 -0.0917474
-0.988834 -0.184871
-0.965602 -0.277632
0.15148 -1.06448
0.252097 -1.0435
0.215428 -1.12429
0.0917474 -1
0.184871 -0.988834
0.277632 -0.965602
-1.92732 2.41947
-1.90355 2.23382
-2.06615 2.31088
-1.87983 2.04814
-2.04238 2.12517
-2.20493 2.20225
-2.41947 -1.92732
-2.23382 -1.90355
-2.31088 -2.06615
-2.04814 -1.87983
-2.12517 -2.04238
-2.20225 -2.20493
1.92732 -2.41947
1.90355 -2.23382
2.06615 -2.31088
1.87983 -2.04814
2.04238 -2.12517
2.20493 -2.20225
2.41947 1.92732
2.23382 1.90355
2.31088 2.06615
2.04814 1.87983
2.12517 2.04238
2.20225 2.20493
-2.8887 -3.00205
-3.0825 -3.05347
-3.04336 -2.84289
-3.2763 -3.10488
-3.23714 -2.89428
-3.19797 -2.68368
3.00205 -2.8887
3.05347 -3.0825
2.84289 -3.04336
3.10488 -3.2763
2.89428 -3.23714
2.68368 -3.19797
2.8887 3.00205
3.0825 3.05347
3.04336 2.84289
3.2763 3.10488
3.23714 2.89428
3.19797 2.68368
-3.00205 2.8887
-3.05347 3.0825
-2.84289 3.04336
-3.10488 3.2763
-2.89428 3.23714
-2.68368 3.19797
-2.9925 -1.94286
-3.1038 -2.10808
-3.1601 -1.90825
-3.21513 -2.27329
-3.27142 -2.07348
-3.32769 -1.87363
-3.21638 -1.70839
-3.04881 -1.74301
-2.88123 -1.77763
1.94286 -2.9925
2.10808 -3.1038
1.90825 -3.1601
2.27329 -3.21513
2.07348 -3.27142
1.87363 -3.32769
1.70839 -3.21638
1.74301 -3.04881
1.77763 -2.88123
-1.94286 2.9925
-2.10808 3.1038
-1.90825 3.1601
-2.27329 3.21513
-2.07348 3.27142
-1.87363 3.32769
-1.70839 3.21638
-1.74301 3.04881
-1.77763 2.88123
2.9925 1.94286
3.1038 2.10808
3.1601 1.90825
3.21513 2.27329
3.27142 2.07348
3.32769 1.87363
3.21638 1.70839
3.04881 1.74301
2.88123 1.77763
-2.35229 -0.716263
-2.22781 -0.768939
-2.30111 -0.881107
-2.4034 -0.551407
-2.27896 -0.604046
-2.15452 -0.656727
-0.716263 2.35229
-0.768939 2.22781
-0.881107 2.30111
-0.551407 2.4034
-0.604046 2.27896
-0.656727 2.15452
0.716263 -2.35229
0.768939 -2.22781
0.881107 -2.30111
0.551407 -2.4034
0.604046 -2.27896
0.656727 -2.15452
2.35229 0.716263
2.22781 0.768939
2.30111 0.881107
2.4034 0.551408
2.27896 0.604046
2.15452 0.656727
3.82888 3.5789
3.82889 3.32892
3.65775 3.40776
4 3.75
4 3.5
4 3.25
3.82891 3.07894
3.65781 3.15783
3.48666 3.23667
3.48656 3.48656
3.65767 3.65767
3.8288 3.8288
-3.5789 3.82888
-3.32892 3.82889
-3.40776 3.65775
-3.75 4
-3.5 4
-3.25 4
-3.07894 3.82891
-3.15783 3.65781
-3.23667 3.48666
-3.48656 3.48656
-3.65767 3.65767
-3.8288 3.8288
-3.82888 -3.5789
-3.82889 -3.32892
-3.65775 -3.40776
-4 -3.75
-4 -3.5
-4 -3.25
-3.82891 -3.07894
-3.65781 -3.15783
-3.48666 -3.23667
-3.48656 -3.48656
-3.65767 -3.65767
-3.8288 -3.8288
3.5789 -3.82888
3.32892 -3.82889
3.40776 -3.65775
3.75 -4
3.5 -4
3.25 -4
3.07894 -3.82891
3.15783 -3.65781
3.23667 -3.48666
3.48656 -3.48656
3.65767 -3.65767
3.8288 -3.8288
3.5789 3.82888
3.40776 3.65775
3.32892 3.82889
3.25 4
3.5 4
3.75 4
-3.82888 3.5789
-3.65775 3.40776
-3.82889 3.32892
-4 3.25
-4 3.5
-4 3.75
-3.5789 -3.82888
-3.40776 -3.65775
-3.32892 -3.82889
-3.25 -4
-3.5 -4
-3.75 -4
3.82888 -3.5789
3.65775 -3.40776
3.82889 -3.32892
4 -3.25
4 -3.5
4 -3.75
1.38592 2.03262
1.37194 1.85269
1.27761 1.94923
1.35808 1.67274
1.26369 1.76937
1.16928 1.86591
1.18326 2.04573
1.29162 2.12912
1.39998 2.21255
-1.38592 -2.03262
-1.37194 -1.85269
-1.27761 -1.94923
-1.35808 -1.67274
-1.26369 -1.76937
-1.16928 -1.86591
-1.18326 -2.04573
-1.29162 -2.12912
-1.39998 -2.21255
2.03262 -1.38592
1.85269 -1.37194
1.94923 -1.2776
1.67274 -1.35808
1.76937 -1.26369
1.86591 -1.16928
2.04573 -1.18326
2.12912 -1.29162
2.21255 -1.39998
-2.03262 1.38592
-1.85269 1.37194
-1.94923 1.27761
-1.67274 1.35808
-1.76937 1.26369
-1.86591 1.16928
-2.04573 1.18326
-2.12912 1.29162
-2.21255 1.39998
3.846 1.41846
3.69198 1.58692
3.84598 1.66847
3.84601 1.16842
3.69202 1.33688
3.538 1.50533
3.53793 1.75535
3.69194 1.83692
3.84596 1.91847
4 1.75
4 1.5
4 1.25
1.41846 -3.846
1.58692 -3.69198
1.66847 -3.84598
1.16842 -3.84601
1.33688 -3.69202
1.50533 -3.538
1.75535 -3.53793
1.83692 -3.69194
1.91847 -3.84596
1.75 -4
1.5 -4
1.25 -4
-1.41846 3.846
-1.58692 3.69198
-1.66847 3.84598
-1.16842 3.84601
-1.33688 3.69202
-1.50533 3.538
-1.75535 3.53793
-1.83692 3.69194
-1.91847 3.84596
-1.75 4
-1.5 4
-1.25 4
-3.846 -1.41846
-3.69198 -1.58692
-3.84598 -1.66847
-3.84601 -1.16842
-3.69202 -1.33688
-3.538 -1.50533
-3.53793 -1.75535
-3.69194 -1.83692
-3.84596 -1.91847
-4 -1.75
-4 -1.5
-4 -1.25
-1.37277 1.69216
-1.49205 1.63715
-1.52733 1.76679
-1.69216 -1.37277
-1.63715 -1.49205
-1.76679 -1.52733
1.37277 -1.69216
1.49205 -1.63715
1.52733 -1.76679
1.69216 1.37277
1.63715 1.49205
1.76679 1.52733
1.18925 -3.60777
1.21005 -3.36954
1.3577 -3.45376
1.23086 -3.13132
1.37852 -3.2155
1.52615 -3.29971
3.60777 1.18925
3.36954 1.21005
3.45376 1.3577
3.13132 1.23086
3.2155 1.37852
3.29971 1.52615
-3.60777 -1.18925
-3.36954 -1.21005
-3.45376 -1.3577
-3.13132 -1.23086
-3.2155 -1.37852
-3.29971 -1.52615
-1.18925 3.60777
-1.21005 3.36954
-1.3577 3.45376
-1.23086 3.13132
-1.37852 3.2155
-1.52615 3.29971
-3.63572 -2.03677
-3.4817 -1.95521
-3.42545 -2.15505
2.03677 -3.63572
1.95521 -3.4817
2.15505 -3.42545
-2.03677 3.63572
-1.95521 3.4817
-2.15505 3.42545
3.63572 2.03677
3.4817 1.95521
3.42545 2.15505
1.86859 0.35864
1.9571 0.456125
1.97261 0.300074
2.04565 0.553552
2.06118 0.397579
2.07663 0.241566
0.35864 -1.86859
0.456125 -1.9571
0.300074 -1.97261
0.553551 -2.04565
0.397579 -2.06118
0.241565 -2.07663
-0.35864 1.86859
-0.456125 1.9571
-0.300074 1.97261
-0.553551 2.04565
-0.397579 2.06118
-0.241565 2.07663
-1.86859 -0.35864
-1.9571 -0.456125
-1.97261 -0.300074
-2.04565 -0.553551
-2.06118 -0.397579
-2.07663 -0.241565
-2.85116 0.494871
-2.67683 0.577982
-2.70234 0.407514
0.49487 2.85116
0.577982 2.67683
0.407514 2.70234
2.85116 -0.49487
2.67683 -0.577982
2.70234 -0.407514
-0.49487 -2.85116
-0.577982 -2.67683
-0.407514 -2.70234
2.16923 -1.81685
2.18706 -2.00957
2.02455 -1.93251
2.31385 -1.70116
2.3317 -1.89393
2.34959 -2.08666
-1.81685 -2.16923
-2.00957 -2.18706
-1.93251 -2.02455
-1.70116 -2.31385
-1.89393 -2.3317
-2.08666 -2.34959
1.81685 2.16923
2.00957 2.18706
1.93251 2.02455
1.70116 2.31385
1.89393 2.3317
2.08666 2.34959
-2.16923 1.81685
-2.18706 2.00957
-2.02455 1.93251
-2.31385 1.70116
-2.3317 1.89393
-2.34959 2.08666
-2.96462 -1.59539
-3.13217 -1.56077
-3.04798 -1.41314
2.96462 1.59539
3.13217 1.56077
3.04798 1.41314
1.59539 -2.96462
1.56077 -3.13217
1.41314 -3.04798
-1.59539 2.96462
-1.56077 3.13217
-1.41314 3.04798
0.448177 -2.29443
0.344908 -2.1855
0.500833 -2.17004
0.395565 -2.41884
0.292291 -2.30986
0.188964 -2.20092
2.29443 0.448177
2.1855 0.344908
2.17004 0.500833
2.41884 0.395565
2.30986 0.292291
2.20092 0.188964
-0.448177 2.29443
-0.344908 2.1855
-0.500833 2.17004
-0.395565 2.41884
-0.292291 2.30986
-0.188964 2.20092
-2.29443 -0.448177
-2.1855 -0.344908
-2.17004 -0.500833
-2.41884 -0.395565
-2.30986 -0.292291
-2.20092 -0.188964
-1.23084 -2.25784
-1.12244 -2.17444
-1.06164 -2.3031
-2.25784 1.23084
-2.17444 1.12244
-2.3031 1.06164
1.23084 2.25784
1.12244 2.17444
1.06164 2.3031
2.25784 -1.23084
2.17444 -1.12244
2.3031 -1.06164
-1.10498 -1.60494
-1.1371 -1.73541
-1.23156 -1.63881
-1.60494 1.10498
-1.73541 1.1371
-1.63881 1.23156
1.60494 -1.10498
1.73541 -1.1371
1.63881 -1.23156
1.10498 1.60494
1.1371 1.73541
1.23156 1.63881
3.61859 2.94719
3.40827 2.81543
3.44746 3.02605
-3.61859 -2.94719
-3.40827 -2.81543
-3.44746 -3.02605
2.94719 -3.61859
2.81543 -3.40827
3.02605 -3.44746
-2.94719 3.61859
-2.81543 3.40827
-3.02605 3.44746
-2.15104 0.24249
-2.18239 0.107883
-2.30411 0.166645
-2.2137 -0.0267067
-2.33545 0.032093
-2.45723 0.0908599
0.24249 2.15104
0.107883 2.18239
0.166645 2.30411
-0.0267067 2.2137
0.032093 2.33545
0.0908599 2.45723
-0.24249 -2.15104
-0.107883 -2.18239
-0.166645 -2.30411
0.0267067 -2.2137
-0.032093 -2.33545
-0.0908599 -2.45723
2.15104 -0.24249
2.18239 -0.107882
2.30411 -0.166645
2.2137 0.0267068
2.33545 -0.0320928
2.45723 -0.0908598
0.233433 -2.43169
0.0712772 -2.44449
0.130098 -2.3227
2.43169 0.233433
2.44449 0.0712773
2.3227 0.130098
-2.43169 -0.233433
-2.44449 -0.0712772
-2.3227 -0.130098
-0.233433 2.43169
-0.0712772 2.44449
-0.130098 2.3227
1.80402 2.48446
1.90692 2.65509
1.9968 2.50237
2.00985 2.82576
2.0997 2.67305
2.18954 2.52029
-1.80402 -2.48446
-1.90692 -2.65509
-1.9968 -2.50237
-2.00985 -2.82576
-2.0997 -2.67305
-2.18954 -2.52029
2.48446 -1.80402
2.65509 -1.90692
2.50237 -1.9968
2.82576 -2.00985
2.67305 -2.0997
2.52029 -2.18954
-2.48446 1.80402
-2.65509 1.90692
-2.50237 1.9968
-2.82576 2.00985
-2.67305 2.0997
-2.52029 2.18954
2.31991 2.89135
2.25471 2.70582
2.16489 2.85855
-2.31991 -2.89135
-2.25471 -2.70582
-2.16489 -2.85855
-2.89135 2.31991
-2.70582 2.25471
-2.85855 2.16489
2.89135 -2.31991
2.70582 -2.25471
2.85855 -2.16489
