# This is edges.dat
1 0
0.999366 0.0356048
0.997428 0.0716694
0.994137 0.10813
0.989443 0.14492
0.983305 0.181963
0.975684 0.219183
0.966546 0.256495
0.955863 0.293812
0.943615 0.331044
0.929788 0.368095

0.929788 0.368095
0.914375 0.404869
0.897376 0.441267
0.8788 0.47719
0.858665 0.512538
0.836995 0.54721
0.813826 0.581109
0.789198 0.614138
0.763163 0.646206
0.735777 0.677224
0.707107 0.707107

0.707107 0.707107
0.677224 0.735777
0.646206 0.763163
0.614138 0.789198
0.581109 0.813826
0.54721 0.836995
0.512538 0.858665
0.47719 0.8788
0.441267 0.897376
0.404869 0.914375
0.368095 0.929788

0.368095 0.929788
0.331044 0.943615
0.293812 0.955863
0.256495 0.966546
0.219183 0.975684
0.181963 0.983305
0.14492 0.989443
0.10813 0.994137
0.0716694 0.997428
0.0356048 0.999366
0 1

0 1
-0.0356048 0.999366
-0.0716694 0.997428
-0.10813 0.994137
-0.14492 0.989443
-0.181963 0.983305
-0.219183 0.975684
-0.256495 0.966546
-0.293812 0.955863
-0.331044 0.943615
-0.368095 0.929788

-0.368095 0.929788
-0.404869 0.914375
-0.441267 0.897376
-0.47719 0.8788
-0.512538 0.858665
-0.54721 0.836995
-0.581109 0.813826
-0.614138 0.789198
-0.646206 0.763163
-0.677224 0.735777
-0.707107 0.707107

-0.707107 0.707107
-0.735777 0.677224
-0.763163 0.646206
-0.789198 0.614138
-0.813826 0.581109
-0.836995 0.54721
-0.858665 0.512538
-0.8788 0.47719
-0.897376 0.441267
-0.914375 0.404869
-0.929788 0.368095

-0.929788 0.368095
-0.943615 0.331044
-0.955863 0.293812
-0.966546 0.256495
-0.975684 0.219183
-0.983305 0.181963
-0.989443 0.14492
-0.994137 0.10813
-0.997428 0.0716694
-0.999366 0.0356048
-1 0

-1 0
-0.999366 -0.0356048
-0.997428 -0.0716694
-0.994137 -0.10813
-0.989443 -0.14492
-0.983305 -0.181963
-0.975684 -0.219183
-0.966546 -0.256495
-0.955863 -0.293812
-0.943615 -0.331044
-0.929788 -0.368095

-0.929788 -0.368095
-0.914375 -0.404869
-0.897376 -0.441267
-0.8788 -0.47719
-0.858665 -0.512538
-0.836995 -0.54721
-0.813826 -0.581109
-0.789198 -0.614138
-0.763163 -0.646206
-0.735777 -0.677224
-0.707107 -0.707107

-0.707107 -0.707107
-0.677224 -0.735777
-0.646206 -0.763163
-0.614138 -0.789198
-0.581109 -0.813826
-0.54721 -0.836995
-0.512538 -0.858665
-0.47719 -0.8788
-0.441267 -0.897376
-0.404869 -0.914375
-0.368095 -0.929788

-0.368095 -0.929788
-0.331044 -0.943615
-0.293812 -0.955863
-0.256495 -0.966546
-0.219183 -0.975684
-0.181963 -0.983305
-0.14492 -0.989443
-0.10813 -0.994137
-0.0716694 -0.997428
-0.0356048 -0.999366
0 -1

0 -1
0.0356048 -0.999366
0.0716694 -0.997428
0.10813 -0.994137
0.14492 -0.989443
0.181963 -0.983305
0.219183 -0.975684
0.256495 -0.966546
0.293812 -0.955863
0.331044 -0.943615
0.368095 -0.929788

0.368095 -0.929788
0.404869 -0.914375
0.441267 -0.897376
0.47719 -0.8788
0.512538 -0.858665
0.54721 -0.836995
0.581109 -0.813826
0.614138 -0.789198
0.646206 -0.763163
0.677224 -0.735777
0.707107 -0.707107

0.707107 -0.707107
0.735777 -0.677224
0.763163 -0.646206
0.789198 -0.614138
0.813826 -0.581109
0.836995 -0.54721
0.858665 -0.512538
0.8788 -0.47719
0.897376 -0.441267
0.914375 -0.404869
0.929788 -0.368095

0.929788 -0.368095
0.943615 -0.331044
0.955863 -0.293812
0.966546 -0.256495
0.975684 -0.219183
0.983305 -0.181963
0.989443 -0.14492
0.994137 -0.10813
0.997428 -0.0716694
0.999366 -0.0356048
1 0

4 4
3.828 4
3.704 4
3.616 4
3.552 4
3.5 4
3.448 4
3.384 4
3.296 4
3.172 4
3 4

3 4
2.828 4
2.704 4
2.616 4
2.552 4
2.5 4
2.448 4
2.384 4
2.296 4
2.172 4
2 4

2 4
1.828 4
1.704 4
1.616 4
1.552 4
1.5 4
1.448 4
1.384 4
1.296 4
1.172 4
1 4

1 4
0.828 4
0.704 4
0.616 4
0.552 4
0.5 4
0.448 4
0.384 4
0.296 4
0.172 4
1.10112e-11 4

1.10112e-11 4
-0.172 4
-0.296 4
-0.384 4
-0.448 4
-0.5 4
-0.552 4
-0.616 4
-0.704 4
-0.828 4
-1 4

-1 4
-1.172 4
-1.296 4
-1.384 4
-1.448 4
-1.5 4
-1.552 4
-1.616 4
-1.704 4
-1.828 4
-2 4

-2 4
-2.172 4
-2.296 4
-2.384 4
-2.448 4
-2.5 4
-2.552 4
-2.616 4
-2.704 4
-2.828 4
-3 4

-3 4
-3.172 4
-3.296 4
-3.384 4
-3.448 4
-3.5 4
-3.552 4
-3.616 4
-3.704 4
-3.828 4
-4 4

-4 4
-4 3.828
-4 3.704
-4 3.616
-4 3.552
-4 3.5
-4 3.448
-4 3.384
-4 3.296
-4 3.172
-4 3

-4 3
-4 2.828
-4 2.704
-4 2.616
-4 2.552
-4 2.5
-4 2.448
-4 2.384
-4 2.296
-4 2.172
-4 2

-4 2
-4 1.828
-4 1.704
-4 1.616
-4 1.552
-4 1.5
-4 1.448
-4 1.384
-4 1.296
-4 1.172
-4 1

-4 1
-4 0.828
-4 0.704
-4 0.616
-4 0.552
-4 0.5
-4 0.448
-4 0.384
-4 0.296
-4 0.172
-4 1.10112e-11

-4 1.10112e-11
-4 -0.172
-4 -0.296
-4 -0.384
-4 -0.448
-4 -0.5
-4 -0.552
-4 -0.616
-4 -0.704
-4 -0.828
-4 -1

-4 -1
-4 -1.172
-4 -1.296
-4 -1.384
-4 -1.448
-4 -1.5
-4 -1.552
-4 -1.616
-4 -1.704
-4 -1.828
-4 -2

-4 -2
-4 -2.172
-4 -2.296
-4 -2.384
-4 -2.448
-4 -2.5
-4 -2.552
-4 -2.616
-4 -2.704
-4 -2.828
-4 -3

-4 -3
-4 -3.172
-4 -3.296
-4 -3.384
-4 -3.448
-4 -3.5
-4 -3.552
-4 -3.616
-4 -3.704
-4 -3.828
-4 -4

-4 -4
-3.828 -4
-3.704 -4
-3.616 -4
-3.552 -4
-3.5 -4
-3.448 -4
-3.384 -4
-3.296 -4
-3.172 -4
-3 -4

-3 -4
-2.828 -4
-2.704 -4
-2.616 -4
-2.552 -4
-2.5 -4
-2.448 -4
-2.384 -4
-2.296 -4
-2.172 -4
-2 -4

-2 -4
-1.828 -4
-1.704 -4
-1.616 -4
-1.552 -4
-1.5 -4
-1.448 -4
-1.384 -4
-1.296 -4
-1.172 -4
-1 -4

-1 -4
-0.828 -4
-0.704 -4
-0.616 -4
-0.552 -4
-0.5 -4
-0.448 -4
-0.384 -4
-0.296 -4
-0.172 -4
-1.10112e-11 -4

-1.10112e-11 -4
0.172 -4
0.296 -4
0.384 -4
0.448 -4
0.5 -4
0.552 -4
0.616 -4
0.704 -4
0.828 -4
1 -4

1 -4
1.172 -4
1.296 -4
1.384 -4
1.448 -4
1.5 -4
1.552 -4
1.616 -4
1.704 -4
1.828 -4
2 -4

2 -4
2.172 -4
2.296 -4
2.384 -4
2.448 -4
2.5 -4
2.552 -4
2.616 -4
2.704 -4
2.828 -4
3 -4

3 -4
3.172 -4
3.296 -4
3.384 -4
3.448 -4
3.5 -4
3.552 -4
3.616 -4
3.704 -4
3.828 -4
4 -4

4 -4
4 -3.828
4 -3.704
4 -3.616
4 -3.552
4 -3.5
4 -3.448
4 -3.384
4 -3.296
4 -3.172
4 -3

4 -3
4 -2.828
4 -2.704
4 -2.616
4 -2.552
4 -2.5
4 -2.448
4 -2.384
4 -2.296
4 -2.172
4 -2

4 -2
4 -1.828
4 -1.704
4 -1.616
4 -1.552
4 -1.5
4 -1.448
4 -1.384
4 -1.296
4 -1.172
4 -1

4 -1
4 -0.828
4 -0.704
4 -0.616
4 -0.552
4 -0.5
4 -0.448
4 -0.384
4 -0.296
4 -0.172
4 -1.10112e-11

4 -1.10112e-11
4 0.172
4 0.296
4 0.384
4 0.448
4 0.5
4 0.552
4 0.616
4 0.704
4 0.828
4 1

4 1
4 1.172
4 1.296
4 1.384
4 1.448
4 1.5
4 1.552
4 1.616
4 1.704
4 1.828
4 2

4 2
4 2.172
4 2.296
4 2.384
4 2.448
4 2.5
4 2.552
4 2.616
4 2.704
4 2.828
4 3

4 3
4 3.172
4 3.296
4 3.384
4 3.448
4 3.5
4 3.552
4 3.616
4 3.704
4 3.828
4 4

1.96648 -0.4531
1.91423 -0.502114
1.86195 -0.551175
1.80962 -0.600299
1.75721 -0.649498
1.70471 -0.698779
1.65211 -0.748146
1.59941 -0.797596
1.54661 -0.847123
1.49372 -0.896716
1.44074 -0.946358

1.44074 -0.946358
1.44121 -0.879607
1.44165 -0.812645
1.44208 -0.745523
1.44248 -0.678294
1.44286 -0.611008
1.44322 -0.543717
1.44358 -0.47647
1.44392 -0.409318
1.44426 -0.342308
1.44459 -0.275488

1.44459 -0.275488
1.49689 -0.293323
1.54921 -0.311154
1.60153 -0.328972
1.65381 -0.346773
1.70606 -0.364553
1.75826 -0.382309
1.81039 -0.40004
1.86247 -0.417747
1.9145 -0.435433
1.96648 -0.4531

-0.453101 -1.96648
-0.502114 -1.91423
-0.551175 -1.86195
-0.600299 -1.80962
-0.649498 -1.75721
-0.69878 -1.70471
-0.748146 -1.65211
-0.797596 -1.59941
-0.847123 -1.54661
-0.896716 -1.49372
-0.946358 -1.44074

-0.946358 -1.44074
-0.879608 -1.44121
-0.812646 -1.44165
-0.745524 -1.44208
-0.678294 -1.44248
-0.611008 -1.44286
-0.543717 -1.44322
-0.476471 -1.44358
-0.409318 -1.44392
-0.342309 -1.44426
-0.275488 -1.44459

-0.275488 -1.44459
-0.293324 -1.49689
-0.311154 -1.54921
-0.328973 -1.60153
-0.346774 -1.65381
-0.364553 -1.70606
-0.382309 -1.75826
-0.40004 -1.81039
-0.417747 -1.86247
-0.435433 -1.9145
-0.453101 -1.96648

-1.96648 0.453101
-1.91423 0.502114
-1.86195 0.551175
-1.80962 0.600299
-1.75721 0.649498
-1.70471 0.69878
-1.65211 0.748146
-1.59941 0.797596
-1.54661 0.847123
-1.49372 0.896716
-1.44074 0.946358

-1.44074 0.946358
-1.44121 0.879608
-1.44165 0.812646
-1.44208 0.745524
-1.44248 0.678294
-1.44286 0.611009
-1.44322 0.543717
-1.44358 0.476471
-1.44392 0.409319
-1.44426 0.342309
-1.44459 0.275488

-1.44459 0.275488
-1.49689 0.293324
-1.54921 0.311154
-1.60153 0.328973
-1.65381 0.346774
-1.70606 0.364553
-1.75826 0.382309
-1.81039 0.40004
-1.86247 0.417747
-1.9145 0.435433
-1.96648 0.453101

0.453101 1.96648
0.502114 1.91423
0.551175 1.86195
0.600299 1.80962
0.649498 1.75721
0.69878 1.70471
0.748146 1.65211
0.797596 1.59941
0.847123 1.54661
0.896716 1.49372
0.946358 1.44074

0.946358 1.44074
0.879608 1.44121
0.812646 1.44165
0.745524 1.44208
0.678294 1.44248
0.611008 1.44286
0.543717 1.44322
0.476471 1.44358
0.409318 1.44392
0.342309 1.44426
0.275488 1.44459

0.275488 1.44459
0.293324 1.49689
0.311154 1.54921
0.328973 1.60153
0.346774 1.65381
0.364553 1.70606
0.382309 1.75826
0.40004 1.81039
0.417747 1.86247
0.435433 1.9145
0.453101 1.96648

-1.44074 0.946358
-1.45431 0.997269
-1.46787 1.04811
-1.48143 1.09889
-1.49497 1.1496
-1.50851 1.20023
-1.52204 1.2508
-1.53556 1.3013
-1.54908 1.35173
-1.56258 1.40211
-1.57609 1.45244

-1.57609 1.45244
-1.50018 1.4306
-1.42419 1.40875
-1.34809 1.38689
-1.27184 1.36501
-1.19541 1.34311
-1.11878 1.3212
-1.04194 1.29926
-0.964876 1.27732
-0.88759 1.25537
-0.810089 1.23342

-0.810089 1.23342
-0.873311 1.20473
-0.936698 1.17593
-1.00014 1.14709
-1.06355 1.11824
-1.12686 1.08942
-1.19002 1.06066
-1.25298 1.03197
-1.31575 1.00336
-1.37833 0.974825
-1.44074 0.946358

-0.946358 -1.44074
-0.997269 -1.45431
-1.04811 -1.46787
-1.09889 -1.48143
-1.1496 -1.49497
-1.20023 -1.50851
-1.2508 -1.52204
-1.3013 -1.53556
-1.35173 -1.54908
-1.40211 -1.56258
-1.45244 -1.57609

-1.45244 -1.57609
-1.4306 -1.50018
-1.40875 -1.42419
-1.38689 -1.34809
-1.36501 -1.27184
-1.34311 -1.19541
-1.3212 -1.11878
-1.29926 -1.04194
-1.27732 -0.964876
-1.25537 -0.88759
-1.23342 -0.810089

-1.23342 -0.810089
-1.20473 -0.873311
-1.17593 -0.936698
-1.14709 -1.00014
-1.11824 -1.06355
-1.08942 -1.12686
-1.06066 -1.19002
-1.03197 -1.25298
-1.00336 -1.31575
-0.974825 -1.37833
-0.946358 -1.44074

1.44074 -0.946358
1.45431 -0.997268
1.46787 -1.04811
1.48143 -1.09889
1.49497 -1.1496
1.50851 -1.20023
1.52204 -1.2508
1.53556 -1.3013
1.54908 -1.35173
1.56258 -1.40211
1.57609 -1.45244

1.57609 -1.45244
1.50018 -1.4306
1.42419 -1.40875
1.34809 -1.38689
1.27184 -1.36501
1.19541 -1.34311
1.11878 -1.3212
1.04194 -1.29926
0.964876 -1.27732
0.88759 -1.25537
0.810089 -1.23342

0.810089 -1.23342
0.873311 -1.20472
0.936698 -1.17593
1.00014 -1.14709
1.06355 -1.11824
1.12686 -1.08942
1.19002 -1.06066
1.25298 -1.03197
1.31575 -1.00336
1.37833 -0.974825
1.44074 -0.946358

0.946358 1.44074
0.997269 1.45431
1.04811 1.46787
1.09889 1.48143
1.1496 1.49497
1.20023 1.50851
1.2508 1.52204
1.3013 1.53556
1.35173 1.54908
1.40211 1.56258
1.45244 1.57609

1.45244 1.57609
1.4306 1.50018
1.40875 1.42419
1.38689 1.34809
1.36501 1.27184
1.34311 1.19541
1.3212 1.11878
1.29926 1.04194
1.27732 0.964877
1.25537 0.88759
1.23342 0.810089

1.23342 0.810089
1.20473 0.873311
1.17593 0.936698
1.14709 1.00014
1.11824 1.06355
1.08942 1.12686
1.06066 1.19002
1.03197 1.25298
1.00336 1.31575
0.974825 1.37833
0.946358 1.44074

-1.09878 1.67271
-1.02125 1.67309
-0.943541 1.67347
-0.865686 1.67384
-0.787722 1.6742
-0.709689 1.67454
-0.631621 1.67487
-0.553555 1.67519
-0.475523 1.67549
-0.397561 1.67577
-0.319698 1.67603

-0.319698 1.67603
-0.368354 1.63209
-0.417017 1.58816
-0.465737 1.54419
-0.514551 1.50015
-0.563484 1.456
-0.612554 1.41173
-0.661763 1.36733
-0.711104 1.3228
-0.760556 1.27816
-0.810089 1.23342

-0.810089 1.23342
-0.839212 1.27774
-0.868243 1.32191
-0.897202 1.36598
-0.926102 1.40995
-0.954955 1.45385
-0.983771 1.4977
-1.01256 1.5415
-1.04132 1.58527
-1.07006 1.629
-1.09878 1.67271

-1.67271 -1.09878
-1.67309 -1.02125
-1.67347 -0.943541
-1.67384 -0.865686
-1.6742 -0.787722
-1.67454 -0.709689
-1.67487 -0.631621
-1.67519 -0.553555
-1.67549 -0.475523
-1.67577 -0.397561
-1.67603 -0.319698

-1.67603 -0.319698
-1.63209 -0.368354
-1.58816 -0.417017
-1.54419 -0.465737
-1.50015 -0.514551
-1.456 -0.563484
-1.41173 -0.612554
-1.36733 -0.661763
-1.3228 -0.711104
-1.27816 -0.760556
-1.23342 -0.810089

-1.23342 -0.810089
-1.27774 -0.839212
-1.32191 -0.868243
-1.36598 -0.897202
-1.40995 -0.926102
-1.45385 -0.954955
-1.4977 -0.983771
-1.5415 -1.01256
-1.58527 -1.04132
-1.629 -1.07006
-1.67271 -1.09878

1.67271 1.09878
1.67309 1.02125
1.67347 0.943542
1.67384 0.865686
1.6742 0.787723
1.67454 0.709689
1.67487 0.631621
1.67519 0.553555
1.67549 0.475524
1.67577 0.397561
1.67603 0.319698

1.67603 0.319698
1.63209 0.368354
1.58816 0.417018
1.54419 0.465737
1.50015 0.514551
1.456 0.563485
1.41173 0.612554
1.36733 0.661763
1.3228 0.711104
1.27816 0.760556
1.23342 0.810089

1.23342 0.810089
1.27774 0.839212
1.32191 0.868244
1.36598 0.897202
1.40995 0.926102
1.45385 0.954955
1.4977 0.983771
1.5415 1.01256
1.58527 1.04132
1.629 1.07006
1.67271 1.09878

1.09878 -1.67271
1.02125 -1.67309
0.943541 -1.67347
0.865686 -1.67384
0.787722 -1.6742
0.709689 -1.67454
0.631621 -1.67487
0.553555 -1.67519
0.475524 -1.67549
0.397561 -1.67577
0.319698 -1.67603

0.319698 -1.67603
0.368354 -1.63209
0.417017 -1.58816
0.465737 -1.54419
0.514551 -1.50015
0.563484 -1.456
0.612554 -1.41173
0.661763 -1.36733
0.711104 -1.3228
0.760556 -1.27816
0.810089 -1.23342

0.810089 -1.23342
0.839212 -1.27774
0.868243 -1.32191
0.897202 -1.36598
0.926102 -1.40995
0.954955 -1.45385
0.983771 -1.4977
1.01256 -1.5415
1.04132 -1.58527
1.07006 -1.629
1.09878 -1.67271

-1.57609 1.45244
-1.52851 1.47443
-1.48087 1.49644
-1.4332 1.51846
-1.38548 1.5405
-1.33773 1.56254
-1.28996 1.58458
-1.24217 1.60663
-1.19436 1.62867
-1.14656 1.6507
-1.09878 1.67271

-1.45244 -1.57609
-1.47443 -1.52851
-1.49644 -1.48087
-1.51846 -1.4332
-1.5405 -1.38548
-1.56254 -1.33773
-1.58458 -1.28996
-1.60663 -1.24217
-1.62867 -1.19436
-1.6507 -1.14656
-1.67271 -1.09878

1.57609 -1.45244
1.52851 -1.47443
1.48087 -1.49644
1.4332 -1.51846
1.38548 -1.5405
1.33773 -1.56254
1.28996 -1.58458
1.24217 -1.60663
1.19436 -1.62867
1.14656 -1.6507
1.09878 -1.67271

1.45244 1.57609
1.47443 1.52851
1.49644 1.48087
1.51846 1.4332
1.5405 1.38548
1.56254 1.33773
1.58458 1.28996
1.60663 1.24217
1.62867 1.19436
1.6507 1.14656
1.67271 1.09878

4 -2
3.89829 -1.99205
3.7965 -1.98409
3.69461 -1.97612
3.59262 -1.96813
3.49054 -1.96013
3.38835 -1.95212
3.28605 -1.9441
3.18364 -1.93607
3.08111 -1.92803
2.97845 -1.91998

2.97845 -1.91998
2.9925 -1.85522
3.00655 -1.79044
3.0206 -1.72564
3.03466 -1.66083
3.04871 -1.59601
3.06277 -1.53118
3.07682 -1.46634
3.09087 -1.40151
3.10492 -1.33667
3.11897 -1.27184

3.11897 -1.27184
3.20757 -1.34512
3.29602 -1.41827
3.38433 -1.49129
3.47253 -1.5642
3.56062 -1.63701
3.64863 -1.70973
3.73655 -1.78238
3.82441 -1.85497
3.91222 -1.9275
4 -2

2 4
1.99205 3.89829
1.98409 3.7965
1.97612 3.69461
1.96813 3.59262
1.96013 3.49054
1.95212 3.38835
1.9441 3.28605
1.93607 3.18364
1.92803 3.08111
1.91998 2.97845

1.91998 2.97845
1.85522 2.9925
1.79044 3.00655
1.72564 3.0206
1.66083 3.03466
1.59601 3.04871
1.53118 3.06277
1.46634 3.07682
1.40151 3.09087
1.33667 3.10492
1.27184 3.11897

1.27184 3.11897
1.34512 3.20757
1.41827 3.29602
1.49129 3.38433
1.5642 3.47253
1.63701 3.56062
1.70973 3.64863
1.78238 3.73655
1.85497 3.82441
1.9275 3.91222
2 4

-4 2
-3.89829 1.99205
-3.7965 1.98409
-3.69461 1.97612
-3.59262 1.96813
-3.49054 1.96013
-3.38835 1.95212
-3.28605 1.9441
-3.18364 1.93607
-3.08111 1.92803
-2.97845 1.91998

-2.97845 1.91998
-2.9925 1.85522
-3.00655 1.79044
-3.0206 1.72564
-3.03466 1.66083
-3.04871 1.59601
-3.06277 1.53118
-3.07682 1.46634
-3.09087 1.40151
-3.10492 1.33667
-3.11897 1.27184

-3.11897 1.27184
-3.20757 1.34512
-3.29602 1.41827
-3.38433 1.49129
-3.47253 1.5642
-3.56062 1.63701
-3.64863 1.70973
-3.73655 1.78238
-3.82441 1.85497
-3.91222 1.9275
-4 2

-2 -4
-1.99205 -3.89829
-1.98409 -3.7965
-1.97612 -3.69461
-1.96813 -3.59262
-1.96013 -3.49054
-1.95212 -3.38835
-1.9441 -3.28605
-1.93607 -3.18364
-1.92803 -3.08111
-1.91998 -2.97845

-1.91998 -2.97845
-1.85522 -2.9925
-1.79044 -3.00655
-1.72564 -3.0206
-1.66083 -3.03466
-1.59601 -3.04871
-1.53118 -3.06277
-1.46634 -3.07682
-1.40151 -3.09087
-1.33667 -3.10492
-1.27184 -3.11897

-1.27184 -3.11897
-1.34512 -3.20757
-1.41827 -3.29602
-1.49129 -3.38433
-1.5642 -3.47253
-1.63701 -3.56062
-1.70973 -3.64863
-1.78238 -3.73655
-1.85497 -3.82441
-1.9275 -3.91222
-2 -4

2 4
2.05385 3.91132
2.10775 3.82254
2.1617 3.73366
2.21569 3.64469
2.26972 3.55566
2.32377 3.46655
2.37785 3.3774
2.43194 3.28821
2.48604 3.19898
2.54014 3.10974

2.54014 3.10974
2.47824 3.09663
2.41631 3.08351
2.35436 3.07039
2.29239 3.05727
2.23039 3.04414
2.16837 3.03101
2.10631 3.01788
2.04423 3.00474
1.98212 2.9916
1.91998 2.97845

-2 -4
-2.05385 -3.91132
-2.10775 -3.82254
-2.1617 -3.73366
-2.21569 -3.64469
-2.26972 -3.55566
-2.32377 -3.46655
-2.37785 -3.3774
-2.43194 -3.2882
-2.48604 -3.19898
-2.54014 -3.10974

-2.54014 -3.10974
-2.47824 -3.09663
-2.41631 -3.08351
-2.35436 -3.07039
-2.29239 -3.05727
-2.23039 -3.04414
-2.16837 -3.03101
-2.10631 -3.01788
-2.04423 -3.00474
-1.98212 -2.9916
-1.91998 -2.97845

4 -2
3.91132 -2.05385
3.82254 -2.10775
3.73366 -2.1617
3.64469 -2.21569
3.55566 -2.26972
3.46655 -2.32377
3.3774 -2.37785
3.2882 -2.43194
3.19898 -2.48604
3.10974 -2.54014

3.10974 -2.54014
3.09663 -2.47824
3.08351 -2.41631
3.07039 -2.35436
3.05727 -2.29239
3.04414 -2.23039
3.03101 -2.16837
3.01788 -2.10631
3.00474 -2.04423
2.9916 -1.98212
2.97845 -1.91998

-4 2
-3.91132 2.05385
-3.82254 2.10775
-3.73366 2.1617
-3.64469 2.21569
-3.55566 2.26972
-3.46655 2.32377
-3.3774 2.37785
-3.2882 2.43194
-3.19898 2.48604
-3.10974 2.54014

-3.10974 2.54014
-3.09663 2.47824
-3.08351 2.41631
-3.07039 2.35436
-3.05727 2.29239
-3.04414 2.23039
-3.03101 2.16837
-3.01788 2.10631
-3.00474 2.04423
-2.9916 1.98212
-2.97845 1.91998

1 0
1.04519 -0.0252435
1.091 -0.0519726
1.13689 -0.0797172
1.18245 -0.10804
1.22739 -0.136568
1.27161 -0.16501
1.31515 -0.19317
1.35823 -0.220952
1.40121 -0.248359
1.44459 -0.275488

1.44459 -0.275488
1.39463 -0.28479
1.34465 -0.294415
1.29464 -0.304219
1.24456 -0.314068
1.19427 -0.323841
1.14357 -0.33343
1.09218 -0.342737
1.03975 -0.351671
0.985804 -0.360151
0.929788 -0.368095

0 -1
-0.0252442 -1.04519
-0.0519737 -1.091
-0.0797186 -1.13689
-0.108042 -1.18245
-0.136569 -1.22739
-0.165011 -1.27161
-0.193171 -1.31515
-0.220953 -1.35823
-0.24836 -1.40121
-0.275488 -1.44459

-0.275488 -1.44459
-0.284791 -1.39463
-0.294416 -1.34465
-0.30422 -1.29464
-0.314069 -1.24456
-0.323842 -1.19427
-0.333431 -1.14357
-0.342737 -1.09218
-0.351672 -1.03975
-0.360151 -0.985804
-0.368095 -0.929788

0 1
0.0252442 1.04519
0.0519737 1.091
0.0797186 1.13689
0.108042 1.18245
0.136569 1.22739
0.165011 1.27161
0.193171 1.31515
0.220953 1.35823
0.24836 1.40121
0.275488 1.44459

0.275488 1.44459
0.284791 1.39463
0.294416 1.34465
0.30422 1.29464
0.314069 1.24456
0.323842 1.19427
0.333431 1.14357
0.342737 1.09218
0.351672 1.03975
0.360151 0.985804
0.368095 0.929788

-1 0
-1.04519 0.0252442
-1.091 0.0519737
-1.13689 0.0797186
-1.18245 0.108042
-1.22739 0.136569
-1.27161 0.165011
-1.31515 0.193171
-1.35823 0.220953
-1.40121 0.24836
-1.44459 0.275488

-1.44459 0.275488
-1.39463 0.284791
-1.34465 0.294416
-1.29464 0.30422
-1.24456 0.314069
-1.19427 0.323842
-1.14357 0.333431
-1.09218 0.342737
-1.03975 0.351672
-0.985804 0.360151
-0.929788 0.368095

0.707107 0.707107
0.763728 0.721025
0.818831 0.733418
0.872723 0.744592
0.925667 0.754828
0.977883 0.764386
1.02956 0.773508
1.08084 0.782425
1.13185 0.791355
1.18269 0.800509
1.23342 0.810089

1.23342 0.810089
1.20428 0.767134
1.17555 0.723872
1.14697 0.680302
1.11829 0.636429
1.08924 0.592266
1.05958 0.547833
1.02905 0.503159
0.997404 0.45828
0.964398 0.413241
0.929788 0.368095

-0.707107 0.707107
-0.721025 0.763728
-0.733418 0.818831
-0.744592 0.872723
-0.754828 0.925667
-0.764385 0.977883
-0.773508 1.02956
-0.782425 1.08084
-0.791355 1.13185
-0.800509 1.18269
-0.810089 1.23342

-0.810089 1.23342
-0.767133 1.20428
-0.723871 1.17555
-0.680301 1.14697
-0.636429 1.11829
-0.592266 1.08924
-0.547833 1.05958
-0.503159 1.02905
-0.45828 0.997404
-0.413241 0.964398
-0.368095 0.929788

-0.707107 -0.707107
-0.763728 -0.721025
-0.818831 -0.733418
-0.872723 -0.744592
-0.925667 -0.754828
-0.977883 -0.764385
-1.02956 -0.773508
-1.08084 -0.782425
-1.13185 -0.791355
-1.18269 -0.800509
-1.23342 -0.810089

-1.23342 -0.810089
-1.20428 -0.767133
-1.17555 -0.723871
-1.14697 -0.680301
-1.11829 -0.636429
-1.08924 -0.592266
-1.05958 -0.547833
-1.02905 -0.503159
-0.997404 -0.45828
-0.964398 -0.413241
-0.929788 -0.368095

0.707107 -0.707107
0.721025 -0.763728
0.733418 -0.818831
0.744592 -0.872723
0.754828 -0.925667
0.764386 -0.977883
0.773508 -1.02956
0.782425 -1.08084
0.791355 -1.13185
0.800509 -1.18269
0.810089 -1.23342

0.810089 -1.23342
0.767133 -1.20428
0.723871 -1.17555
0.680301 -1.14697
0.636429 -1.11829
0.592266 -1.08924
0.547833 -1.05958
0.503159 -1.02905
0.45828 -0.997404
0.413241 -0.964398
0.368095 -0.929788

-0.319698 1.67603
-0.296148 1.71779
-0.272636 1.7595
-0.249158 1.80117
-0.225709 1.8428
-0.202289 1.88439
-0.178895 1.92595
-0.155525 1.96749
-0.132178 2.00899
-0.108856 2.05047
-0.0855563 2.09192

-0.0855563 2.09192
-0.0497326 2.0275
-0.0138416 1.96299
0.0221076 1.89842
0.0581102 1.83378
0.0941652 1.7691
0.130276 1.70437
0.16645 1.63957
0.202698 1.57469
0.239038 1.50971
0.275488 1.44459

0.275488 1.44459
0.215623 1.46794
0.155964 1.49118
0.0964328 1.51435
0.0369699 1.53749
-0.0224689 1.56059
-0.0819111 1.58369
-0.141368 1.60679
-0.200835 1.62988
-0.26029 1.65296
-0.319698 1.67603

-1.67603 -0.319698
-1.71779 -0.296148
-1.7595 -0.272636
-1.80117 -0.249158
-1.8428 -0.225709
-1.88439 -0.202289
-1.92595 -0.178895
-1.96749 -0.155525
-2.00899 -0.132178
-2.05047 -0.108856
-2.09192 -0.0855563

-2.09192 -0.0855563
-2.0275 -0.0497326
-1.96299 -0.0138416
-1.89842 0.0221077
-1.83378 0.0581102
-1.7691 0.0941652
-1.70437 0.130276
-1.63957 0.16645
-1.57469 0.202698
-1.50971 0.239038
-1.44459 0.275488

-1.44459 0.275488
-1.46794 0.215623
-1.49118 0.155964
-1.51435 0.0964329
-1.53749 0.0369699
-1.56059 -0.0224689
-1.58369 -0.0819111
-1.60679 -0.141368
-1.62988 -0.200835
-1.65296 -0.26029
-1.67603 -0.319698

1.67603 0.319698
1.71779 0.296149
1.7595 0.272637
1.80117 0.249158
1.8428 0.22571
1.88439 0.202289
1.92595 0.178895
1.96749 0.155525
2.00899 0.132179
2.05047 0.108856
2.09192 0.0855565

2.09192 0.0855565
2.0275 0.0497328
1.96299 0.0138418
1.89842 -0.0221074
1.83379 -0.0581099
1.7691 -0.0941649
1.70437 -0.130276
1.63957 -0.166449
1.57469 -0.202698
1.50971 -0.239037
1.44459 -0.275488

1.44459 -0.275488
1.46794 -0.215623
1.49118 -0.155963
1.51435 -0.0964324
1.53749 -0.0369694
1.56059 0.0224694
1.58369 0.0819116
1.60679 0.141368
1.62988 0.200835
1.65296 0.260291
1.67603 0.319698

0.319698 -1.67603
0.296148 -1.71779
0.272636 -1.7595
0.249158 -1.80117
0.225709 -1.8428
0.202289 -1.88439
0.178895 -1.92595
0.155525 -1.96749
0.132178 -2.00899
0.108856 -2.05047
0.0855563 -2.09192

0.0855563 -2.09192
0.0497326 -2.0275
0.0138416 -1.96299
-0.0221076 -1.89842
-0.0581102 -1.83378
-0.0941652 -1.7691
-0.130276 -1.70437
-0.16645 -1.63957
-0.202698 -1.57469
-0.239038 -1.50971
-0.275488 -1.44459

-0.275488 -1.44459
-0.215623 -1.46794
-0.155964 -1.49118
-0.0964328 -1.51435
-0.0369699 -1.53749
0.0224689 -1.56059
0.0819111 -1.58369
0.141368 -1.60679
0.200835 -1.62988
0.26029 -1.65296
0.319698 -1.67603

1.23342 0.810089
1.18215 0.837228
1.13074 0.864313
1.07917 0.8914
1.02742 0.918532
0.975515 0.945745
0.923477 0.973061
0.871365 1.00049
0.819255 1.02804
0.767245 1.05569
0.715453 1.08343

0.715453 1.08343
0.738686 1.11938
0.76186 1.15524
0.78499 1.19103
0.808087 1.22677
0.831162 1.26247
0.85422 1.29816
0.877268 1.33382
0.900307 1.36948
0.923338 1.40512
0.946358 1.44074

-0.810089 1.23342
-0.837228 1.18215
-0.864313 1.13074
-0.8914 1.07917
-0.918532 1.02742
-0.945745 0.975515
-0.973061 0.923477
-1.00049 0.871365
-1.02804 0.819255
-1.05569 0.767245
-1.08343 0.715453

-1.08343 0.715453
-1.11938 0.738686
-1.15524 0.761861
-1.19103 0.78499
-1.22677 0.808087
-1.26247 0.831162
-1.29816 0.85422
-1.33382 0.877268
-1.36948 0.900308
-1.40512 0.923338
-1.44074 0.946358

-1.23342 -0.810089
-1.18215 -0.837228
-1.13074 -0.864313
-1.07917 -0.8914
-1.02742 -0.918532
-0.975515 -0.945745
-0.923477 -0.973061
-0.871365 -1.00049
-0.819255 -1.02804
-0.767245 -1.05569
-0.715453 -1.08343

-0.715453 -1.08343
-0.738686 -1.11938
-0.76186 -1.15524
-0.78499 -1.19103
-0.808087 -1.22677
-0.831162 -1.26247
-0.85422 -1.29816
-0.877268 -1.33382
-0.900307 -1.36948
-0.923338 -1.40512
-0.946358 -1.44074

0.810089 -1.23342
0.837228 -1.18215
0.864313 -1.13074
0.8914 -1.07917
0.918532 -1.02742
0.945745 -0.975515
0.973061 -0.923476
1.00049 -0.871364
1.02804 -0.819255
1.05569 -0.767245
1.08343 -0.715453

1.08343 -0.715453
1.11938 -0.738686
1.15524 -0.76186
1.19103 -0.78499
1.22677 -0.808087
1.26247 -0.831161
1.29816 -0.85422
1.33382 -0.877268
1.36948 -0.900307
1.40512 -0.923338
1.44074 -0.946358

-3 -4
-2.95412 -3.91116
-2.90823 -3.8223
-2.86233 -3.73343
-2.8164 -3.64452
-2.77045 -3.55556
-2.72447 -3.46655
-2.67846 -3.37747
-2.6324 -3.28832
-2.5863 -3.19908
-2.54014 -3.10974

4 -3
3.91116 -2.95412
3.8223 -2.90823
3.73343 -2.86233
3.64452 -2.8164
3.55556 -2.77045
3.46655 -2.72447
3.37747 -2.67846
3.28832 -2.6324
3.19908 -2.5863
3.10974 -2.54014

-4 3
-3.91116 2.95412
-3.8223 2.90823
-3.73343 2.86233
-3.64452 2.8164
-3.55556 2.77045
-3.46655 2.72447
-3.37747 2.67846
-3.28832 2.6324
-3.19908 2.5863
-3.10974 2.54014

3 4
2.95412 3.91116
2.90823 3.8223
2.86233 3.73343
2.8164 3.64452
2.77045 3.55556
2.72447 3.46655
2.67846 3.37747
2.6324 3.28832
2.5863 3.19908
2.54014 3.10974

-4 1
-3.91782 0.950197
-3.83557 0.900339
-3.75324 0.850423
-3.67084 0.800447
-3.58834 0.750407
-3.50576 0.7003
-3.42307 0.650122
-3.34028 0.599872
-3.25739 0.549545
-3.17437 0.499138

-3.17437 0.499138
-3.25737 0.448925
-3.34027 0.398778
-3.42307 0.348698
-3.50577 0.298684
-3.58838 0.248737
-3.67089 0.198857
-3.75331 0.149044
-3.83563 0.0992963
-3.91786 0.0496152
-4 1.10112e-11

1 4
0.950197 3.91782
0.900339 3.83557
0.850423 3.75324
0.800447 3.67084
0.750407 3.58834
0.7003 3.50576
0.650122 3.42307
0.599872 3.34028
0.549545 3.25739
0.499138 3.17437

0.499138 3.17437
0.448925 3.25737
0.398778 3.34027
0.348698 3.42307
0.298684 3.50577
0.248737 3.58838
0.198857 3.67089
0.149044 3.75331
0.0992963 3.83563
0.0496152 3.91786
1.10112e-11 4

4 -1
3.91782 -0.950197
3.83557 -0.900339
3.75324 -0.850423
3.67084 -0.800447
3.58834 -0.750407
3.50576 -0.7003
3.42307 -0.650122
3.34028 -0.599872
3.25739 -0.549545
3.17437 -0.499138

3.17437 -0.499138
3.25737 -0.448925
3.34027 -0.398778
3.42307 -0.348698
3.50577 -0.298684
3.58838 -0.248737
3.67089 -0.198857
3.75331 -0.149044
3.83563 -0.0992963
3.91786 -0.0496152
4 -1.10112e-11

-1 -4
-0.950197 -3.91782
-0.900339 -3.83557
-0.850423 -3.75324
-0.800447 -3.67084
-0.750407 -3.58834
-0.7003 -3.50576
-0.650122 -3.42307
-0.599872 -3.34028
-0.549545 -3.25739
-0.499138 -3.17437

-0.499138 -3.17437
-0.448925 -3.25737
-0.398778 -3.34027
-0.348698 -3.42307
-0.298684 -3.50577
-0.248737 -3.58838
-0.198857 -3.67089
-0.149044 -3.75331
-0.0992963 -3.83563
-0.0496152 -3.91786
-1.10112e-11 -4

1.23342 0.810089
1.23758 0.753788
1.24161 0.697324
1.24556 0.640754
1.24946 0.584135
1.25333 0.52752
1.25721 0.470959
1.26114 0.414498
1.26515 0.358182
1.26927 0.302051
1.27353 0.24614

1.27353 0.24614
1.24047 0.258415
1.2074 0.271027
1.17426 0.283836
1.14095 0.296705
1.10736 0.309505
1.07335 0.322107
1.03878 0.334389
1.00347 0.34623
0.967218 0.357506
0.929788 0.368095

-0.810089 1.23342
-0.753788 1.23758
-0.697324 1.24161
-0.640754 1.24556
-0.584135 1.24946
-0.52752 1.25333
-0.470958 1.25721
-0.414498 1.26114
-0.358182 1.26515
-0.30205 1.26927
-0.24614 1.27353

-0.24614 1.27353
-0.258414 1.24047
-0.271027 1.2074
-0.283835 1.17426
-0.296705 1.14095
-0.309504 1.10736
-0.322107 1.07335
-0.334389 1.03878
-0.346229 1.00347
-0.357506 0.967218
-0.368095 0.929788

0.810089 -1.23342
0.753788 -1.23758
0.697324 -1.24161
0.640754 -1.24556
0.584135 -1.24946
0.52752 -1.25333
0.470958 -1.25721
0.414498 -1.26114
0.358182 -1.26515
0.30205 -1.26927
0.24614 -1.27353

0.24614 -1.27353
0.258414 -1.24047
0.271027 -1.2074
0.283835 -1.17426
0.296705 -1.14095
0.309504 -1.10736
0.322107 -1.07335
0.334389 -1.03878
0.346229 -1.00347
0.357506 -0.967218
0.368095 -0.929788

-1.23342 -0.810089
-1.23758 -0.753788
-1.24161 -0.697324
-1.24556 -0.640754
-1.24946 -0.584135
-1.25333 -0.52752
-1.25721 -0.470958
-1.26114 -0.414498
-1.26515 -0.358182
-1.26927 -0.30205
-1.27353 -0.24614

-1.27353 -0.24614
-1.24047 -0.258414
-1.2074 -0.271027
-1.17426 -0.283835
-1.14095 -0.296705
-1.10736 -0.309504
-1.07335 -0.322107
-1.03878 -0.334389
-1.00347 -0.346229
-0.967218 -0.357506
-0.929788 -0.368095

-1.44459 0.275488
-1.40869 0.319108
-1.37285 0.362589
-1.33699 0.406045
-1.30106 0.449577
-1.26504 0.493263
-1.2289 0.537165
-1.19264 0.581323
-1.15629 0.62576
-1.11987 0.670477
-1.08343 0.715453

-1.08343 0.715453
-1.06926 0.681728
-1.0554 0.64758
-1.04163 0.613072
-1.02773 0.578272
-1.01349 0.543256
-0.998696 0.508107
-0.983137 0.472915
-0.966602 0.437779
-0.948886 0.402802
-0.929788 0.368095

0.275488 1.44459
0.319108 1.40869
0.362589 1.37285
0.406045 1.33699
0.449577 1.30106
0.493263 1.26504
0.537165 1.2289
0.581323 1.19264
0.62576 1.15629
0.670477 1.11987
0.715453 1.08343

0.715453 1.08343
0.681728 1.06926
0.64758 1.0554
0.613072 1.04163
0.578272 1.02773
0.543256 1.01349
0.508107 0.998696
0.472915 0.983137
0.437779 0.966602
0.402802 0.948886
0.368095 0.929788

-0.275488 -1.44459
-0.319108 -1.40869
-0.362589 -1.37285
-0.406045 -1.33699
-0.449577 -1.30106
-0.493263 -1.26504
-0.537165 -1.2289
-0.581323 -1.19264
-0.62576 -1.15629
-0.670477 -1.11987
-0.715453 -1.08343

-0.715453 -1.08343
-0.681728 -1.06926
-0.64758 -1.0554
-0.613072 -1.04163
-0.578272 -1.02773
-0.543256 -1.01349
-0.508107 -0.998696
-0.472915 -0.983137
-0.437779 -0.966602
-0.402802 -0.948886
-0.368095 -0.929788

1.44459 -0.275488
1.40869 -0.319108
1.37285 -0.362588
1.33699 -0.406045
1.30106 -0.449576
1.26504 -0.493262
1.2289 -0.537164
1.19264 -0.581323
1.15629 -0.62576
1.11987 -0.670477
1.08343 -0.715453

1.08343 -0.715453
1.06926 -0.681727
1.0554 -0.64758
1.04163 -0.613071
1.02773 -0.578272
1.01349 -0.543256
0.998696 -0.508107
0.983137 -0.472915
0.966602 -0.437779
0.948886 -0.402802
0.929788 -0.368095

-0.0855563 2.09192
-0.0317596 2.07942
0.0220525 2.06692
0.0758804 2.0544
0.129724 2.04187
0.183584 2.02933
0.23746 2.01679
0.291351 2.00423
0.345255 1.99166
0.399172 1.97907
0.453101 1.96648

-2.09192 -0.0855563
-2.07942 -0.0317595
-2.06692 0.0220525
-2.0544 0.0758804
-2.04187 0.129724
-2.02933 0.183584
-2.01679 0.23746
-2.00423 0.291351
-1.99166 0.345255
-1.97907 0.399172
-1.96648 0.453101

0.0855563 -2.09192
0.0317596 -2.07942
-0.0220525 -2.06692
-0.0758803 -2.0544
-0.129724 -2.04187
-0.183584 -2.02933
-0.23746 -2.01679
-0.291351 -2.00423
-0.345255 -1.99166
-0.399172 -1.97907
-0.453101 -1.96648

2.09192 0.0855565
2.07942 0.0317598
2.06692 -0.0220523
2.0544 -0.0758802
2.04187 -0.129724
2.02934 -0.183584
2.01679 -0.23746
2.00423 -0.29135
1.99166 -0.345255
1.97907 -0.399172
1.96648 -0.4531

0.707107 0.707107
0.711207 0.746962
0.713991 0.786159
0.715696 0.82477
0.716547 0.862862
0.716761 0.900494
0.716548 0.93772
0.716113 0.974587
0.715655 1.01114
0.715371 1.04741
0.715453 1.08343

-0.707107 0.707107
-0.746962 0.711207
-0.786159 0.713991
-0.82477 0.715696
-0.862862 0.716547
-0.900494 0.716761
-0.93772 0.716548
-0.974587 0.716113
-1.01114 0.715655
-1.04741 0.715371
-1.08343 0.715453

-0.707107 -0.707107
-0.711207 -0.746962
-0.713991 -0.786159
-0.715696 -0.82477
-0.716547 -0.862862
-0.716761 -0.900494
-0.716548 -0.93772
-0.716113 -0.974587
-0.715655 -1.01114
-0.715371 -1.04741
-0.715453 -1.08343

0.707107 -0.707107
0.746962 -0.711207
0.786159 -0.713991
0.82477 -0.715696
0.862862 -0.716547
0.900494 -0.716761
0.93772 -0.716548
0.974587 -0.716112
1.01114 -0.715655
1.04741 -0.715371
1.08343 -0.715453

-2.71363 -1.81225
-2.67026 -1.86776
-2.62686 -1.92328
-2.58344 -1.97882
-2.54001 -2.03437
-2.49657 -2.08991
-2.45312 -2.14546
-2.40967 -2.201
-2.36623 -2.25652
-2.32279 -2.31202
-2.27937 -2.3675

-2.27937 -2.3675
-2.36766 -2.37809
-2.45586 -2.38867
-2.54398 -2.39924
-2.63202 -2.4098
-2.71998 -2.42036
-2.80788 -2.43092
-2.89571 -2.44147
-2.98347 -2.45201
-3.07118 -2.46254
-3.15883 -2.47307

-3.15883 -2.47307
-3.11442 -2.40718
-3.07 -2.34126
-3.02556 -2.27531
-2.98109 -2.20932
-2.9366 -2.14329
-2.89208 -2.07721
-2.84753 -2.01107
-2.80294 -1.94487
-2.75831 -1.8786
-2.71363 -1.81225

1.81225 -2.71363
1.86776 -2.67026
1.92328 -2.62686
1.97882 -2.58344
2.03437 -2.54001
2.08991 -2.49657
2.14546 -2.45312
2.201 -2.40967
2.25652 -2.36623
2.31202 -2.32279
2.3675 -2.27937

2.3675 -2.27937
2.37809 -2.36766
2.38867 -2.45586
2.39924 -2.54398
2.4098 -2.63202
2.42036 -2.71998
2.43092 -2.80788
2.44147 -2.89571
2.45201 -2.98347
2.46254 -3.07118
2.47307 -3.15883

2.47307 -3.15883
2.40718 -3.11442
2.34126 -3.07
2.27531 -3.02556
2.20932 -2.98109
2.14329 -2.9366
2.07721 -2.89208
2.01107 -2.84753
1.94487 -2.80294
1.8786 -2.75831
1.81225 -2.71363

-1.81225 2.71363
-1.86776 2.67026
-1.92328 2.62686
-1.97882 2.58344
-2.03437 2.54001
-2.08991 2.49657
-2.14546 2.45312
-2.201 2.40967
-2.25652 2.36623
-2.31202 2.32279
-2.3675 2.27937

-2.3675 2.27937
-2.37809 2.36766
-2.38867 2.45586
-2.39924 2.54398
-2.4098 2.63202
-2.42036 2.71998
-2.43092 2.80788
-2.44147 2.89571
-2.45201 2.98347
-2.46254 3.07118
-2.47307 3.15883

-2.47307 3.15883
-2.40718 3.11442
-2.34126 3.07
-2.27531 3.02556
-2.20932 2.98109
-2.14329 2.9366
-2.07721 2.89208
-2.01107 2.84753
-1.94487 2.80294
-1.8786 2.75831
-1.81225 2.71363

2.71363 1.81225
2.67026 1.86776
2.62686 1.92328
2.58344 1.97882
2.54001 2.03437
2.49657 2.08991
2.45312 2.14546
2.40967 2.201
2.36623 2.25652
2.32279 2.31202
2.27937 2.3675

2.27937 2.3675
2.36766 2.37809
2.45586 2.38867
2.54398 2.39924
2.63202 2.4098
2.71998 2.42036
2.80788 2.43092
2.89571 2.44147
2.98347 2.45201
3.07118 2.46254
3.15883 2.47307

3.15883 2.47307
3.11442 2.40718
3.07 2.34126
3.02556 2.27531
2.98109 2.20932
2.9366 2.14329
2.89208 2.07721
2.84753 2.01107
2.80294 1.94487
2.75831 1.8786
2.71363 1.81225

0.319698 -1.67603
0.312355 -1.63582
0.305008 -1.59559
0.297656 -1.55534
0.2903 -1.51506
0.28294 -1.47477
0.275578 -1.43448
0.268214 -1.39419
0.260852 -1.35392
0.253492 -1.31369
0.24614 -1.27353

-0.319698 1.67603
-0.312355 1.63582
-0.305008 1.59559
-0.297656 1.55534
-0.2903 1.51506
-0.28294 1.47477
-0.275578 1.43448
-0.268214 1.39419
-0.260852 1.35392
-0.253492 1.31369
-0.24614 1.27353

-1.67603 -0.319698
-1.63582 -0.312355
-1.59559 -0.305008
-1.55534 -0.297656
-1.51506 -0.2903
-1.47477 -0.28294
-1.43448 -0.275578
-1.39419 -0.268214
-1.35392 -0.260852
-1.31369 -0.253492
-1.27353 -0.24614

1.67603 0.319698
1.63582 0.312355
1.59559 0.305008
1.55534 0.297656
1.51506 0.2903
1.47477 0.282941
1.43448 0.275578
1.39419 0.268215
1.35392 0.260852
1.3137 0.253493
1.27353 0.24614

1.96648 -0.4531
1.9661 -0.515329
1.96571 -0.57757
1.96531 -0.639816
1.96491 -0.702057
1.9645 -0.764284
1.96408 -0.826488
1.96367 -0.888661
1.96325 -0.950791
1.96282 -1.01287
1.9624 -1.07488

1.9624 -1.07488
1.9105 -1.06207
1.85856 -1.04924
1.80657 -1.03641
1.75454 -1.02357
1.70245 -1.01073
1.6503 -0.997883
1.59806 -0.985023
1.54574 -0.972152
1.4933 -0.959265
1.44074 -0.946358

-0.453101 -1.96648
-0.515329 -1.9661
-0.57757 -1.96571
-0.639816 -1.96531
-0.702057 -1.96491
-0.764284 -1.9645
-0.826489 -1.96408
-0.888661 -1.96367
-0.950791 -1.96325
-1.01287 -1.96282
-1.07488 -1.9624

-1.07488 -1.9624
-1.06207 -1.9105
-1.04924 -1.85856
-1.03641 -1.80657
-1.02358 -1.75454
-1.01073 -1.70245
-0.997883 -1.6503
-0.985024 -1.59806
-0.972152 -1.54574
-0.959265 -1.4933
-0.946358 -1.44074

0.453101 1.96648
0.515329 1.9661
0.57757 1.96571
0.639816 1.96531
0.702057 1.96491
0.764284 1.9645
0.826489 1.96408
0.888661 1.96367
0.950791 1.96325
1.01287 1.96282
1.07488 1.9624

1.07488 1.9624
1.06207 1.9105
1.04924 1.85856
1.03641 1.80657
1.02358 1.75454
1.01073 1.70245
0.997883 1.6503
0.985024 1.59806
0.972152 1.54574
0.959265 1.4933
0.946358 1.44074

-1.96648 0.453101
-1.9661 0.515329
-1.96571 0.57757
-1.96531 0.639816
-1.96491 0.702057
-1.9645 0.764284
-1.96408 0.826489
-1.96367 0.888661
-1.96325 0.950791
-1.96282 1.01287
-1.9624 1.07488

-1.9624 1.07488
-1.9105 1.06207
-1.85856 1.04924
-1.80657 1.03641
-1.75454 1.02358
-1.70245 1.01073
-1.6503 0.997883
-1.59806 0.985024
-1.54574 0.972152
-1.4933 0.959265
-1.44074 0.946358

1 0
1.02902 0.0221713
1.05775 0.0456097
1.08608 0.0700125
1.11393 0.0950823
1.14129 0.12054
1.16818 0.146133
1.1947 0.171645
1.22097 0.1969
1.24717 0.221762
1.27353 0.24614

1.27353 0.24614
1.29066 0.193299
1.30773 0.140956
1.32477 0.0889162
1.34183 0.0370229
1.35892 -0.0148439
1.37604 -0.0667681
1.39319 -0.118799
1.41035 -0.170949
1.4275 -0.223198
1.44459 -0.275488

0 -1
0.0221711 -1.02902
0.0456093 -1.05775
0.070012 -1.08608
0.0950817 -1.11393
0.120539 -1.14129
0.146132 -1.16818
0.171644 -1.1947
0.196899 -1.22097
0.221762 -1.24717
0.24614 -1.27353

0.24614 -1.27353
0.193298 -1.29066
0.140955 -1.30773
0.0889154 -1.32477
0.037022 -1.34183
-0.0148447 -1.35892
-0.0667689 -1.37604
-0.118799 -1.39319
-0.17095 -1.41035
-0.223199 -1.4275
-0.275488 -1.44459

0 1
-0.0221711 1.02902
-0.0456093 1.05775
-0.0700119 1.08608
-0.0950817 1.11393
-0.120539 1.14129
-0.146132 1.16818
-0.171644 1.1947
-0.196899 1.22097
-0.221762 1.24717
-0.24614 1.27353

-0.24614 1.27353
-0.193298 1.29066
-0.140955 1.30773
-0.0889154 1.32477
-0.037022 1.34183
0.0148447 1.35892
0.0667689 1.37604
0.1188 1.39319
0.17095 1.41035
0.223199 1.4275
0.275488 1.44459

-1 0
-1.02902 -0.0221711
-1.05775 -0.0456093
-1.08608 -0.0700119
-1.11393 -0.0950817
-1.14129 -0.120539
-1.16818 -0.146132
-1.1947 -0.171644
-1.22097 -0.196899
-1.24717 -0.221762
-1.27353 -0.24614

-1.27353 -0.24614
-1.29066 -0.193298
-1.30773 -0.140955
-1.32477 -0.0889154
-1.34183 -0.037022
-1.35892 0.0148447
-1.37604 0.0667689
-1.39319 0.1188
-1.41035 0.17095
-1.4275 0.223199
-1.44459 0.275488

-1.09878 1.67271
-1.05976 1.70857
-1.02075 1.7444
-0.981745 1.78022
-0.942763 1.816
-0.903805 1.85176
-0.864873 1.88748
-0.825971 1.92317
-0.7871 1.95882
-0.74826 1.99445
-0.709451 2.03005

-0.709451 2.03005
-0.67066 1.99476
-0.631827 1.95945
-0.59295 1.92411
-0.554027 1.88874
-0.51506 1.85334
-0.47605 1.81791
-0.437001 1.78246
-0.397921 1.74699
-0.358817 1.71151
-0.319698 1.67603

1.67271 1.09878
1.70857 1.05976
1.7444 1.02075
1.78022 0.981746
1.816 0.942764
1.85176 0.903805
1.88748 0.864874
1.92317 0.825972
1.95882 0.787101
1.99445 0.748261
2.03005 0.709451

2.03005 0.709451
1.99476 0.67066
1.95945 0.631827
1.92411 0.59295
1.88874 0.554028
1.85334 0.51506
1.81791 0.47605
1.78246 0.437002
1.74699 0.397922
1.71151 0.358817
1.67603 0.319698

-1.67271 -1.09878
-1.70857 -1.05976
-1.7444 -1.02075
-1.78022 -0.981745
-1.816 -0.942763
-1.85176 -0.903805
-1.88748 -0.864873
-1.92317 -0.825971
-1.95882 -0.7871
-1.99445 -0.74826
-2.03005 -0.709451

-2.03005 -0.709451
-1.99476 -0.67066
-1.95945 -0.631827
-1.92411 -0.59295
-1.88874 -0.554027
-1.85334 -0.51506
-1.81791 -0.47605
-1.78246 -0.437001
-1.74699 -0.397921
-1.71151 -0.358817
-1.67603 -0.319698

1.09878 -1.67271
1.05976 -1.70856
1.02075 -1.7444
0.981745 -1.78021
0.942763 -1.816
0.903805 -1.85175
0.864873 -1.88748
0.825971 -1.92317
0.7871 -1.95882
0.748261 -1.99445
0.709451 -2.03005

0.709451 -2.03005
0.67066 -1.99476
0.631827 -1.95945
0.59295 -1.92411
0.554027 -1.88874
0.51506 -1.85334
0.47605 -1.81791
0.437002 -1.78246
0.397921 -1.74699
0.358817 -1.71151
0.319698 -1.67603

4 -1
3.91234 -1.02704
3.82459 -1.05412
3.73672 -1.08123
3.64876 -1.10837
3.56071 -1.13554
3.47255 -1.16274
3.3843 -1.18997
3.29595 -1.21723
3.20751 -1.24452
3.11897 -1.27184

3.11897 -1.27184
3.12452 -1.19463
3.13006 -1.1174
3.13561 -1.04015
3.14115 -0.962876
3.14669 -0.885595
3.15223 -0.808305
3.15777 -0.73101
3.16331 -0.653715
3.16884 -0.576423
3.17437 -0.499138

-1 -4
-1.02704 -3.91234
-1.05412 -3.82459
-1.08123 -3.73672
-1.10837 -3.64876
-1.13554 -3.56071
-1.16274 -3.47255
-1.18997 -3.3843
-1.21723 -3.29595
-1.24452 -3.20751
-1.27184 -3.11897

-1.27184 -3.11897
-1.19463 -3.12452
-1.1174 -3.13006
-1.04015 -3.13561
-0.962876 -3.14115
-0.885595 -3.14669
-0.808305 -3.15223
-0.731011 -3.15777
-0.653716 -3.16331
-0.576423 -3.16884
-0.499138 -3.17437

1 4
1.02704 3.91234
1.05412 3.82459
1.08123 3.73672
1.10837 3.64876
1.13554 3.56071
1.16274 3.47255
1.18997 3.3843
1.21723 3.29595
1.24452 3.20751
1.27184 3.11897

1.27184 3.11897
1.19463 3.12452
1.1174 3.13006
1.04015 3.13561
0.962876 3.14115
0.885595 3.14669
0.808305 3.15223
0.731011 3.15777
0.653716 3.16331
0.576423 3.16884
0.499138 3.17437

-4 1
-3.91234 1.02704
-3.82459 1.05412
-3.73672 1.08123
-3.64876 1.10837
-3.56071 1.13554
-3.47255 1.16274
-3.3843 1.18997
-3.29595 1.21723
-3.20751 1.24452
-3.11897 1.27184

-3.11897 1.27184
-3.12452 1.19463
-3.13006 1.1174
-3.13561 1.04015
-3.14115 0.962876
-3.14669 0.885595
-3.15223 0.808305
-3.15777 0.731011
-3.16331 0.653716
-3.16884 0.576424
-3.17437 0.499138

1.50833 2.29603
1.44075 2.31412
1.37314 2.33221
1.30549 2.3503
1.23782 2.3684
1.17012 2.38649
1.10242 2.40459
1.03471 2.42267
0.967003 2.44075
0.899308 2.45882
0.831629 2.47688

0.831629 2.47688
0.875905 2.54142
0.920114 2.60587
0.96426 2.67024
1.00835 2.73453
1.05238 2.79875
1.09636 2.8629
1.14029 2.927
1.18418 2.99104
1.22803 3.05503
1.27184 3.11897

1.27184 3.11897
1.29537 3.03707
1.31891 2.95509
1.34249 2.87302
1.36609 2.79086
1.38972 2.70861
1.41339 2.62628
1.43708 2.54385
1.4608 2.46134
1.48455 2.37873
1.50833 2.29603

-2.29603 1.50833
-2.31412 1.44075
-2.33221 1.37314
-2.3503 1.30549
-2.3684 1.23782
-2.38649 1.17012
-2.40458 1.10242
-2.42267 1.03471
-2.44075 0.967003
-2.45882 0.899308
-2.47688 0.831629

-2.47688 0.831629
-2.54142 0.875905
-2.60587 0.920114
-2.67024 0.96426
-2.73453 1.00835
-2.79875 1.05238
-2.8629 1.09636
-2.927 1.14029
-2.99104 1.18418
-3.05503 1.22803
-3.11897 1.27184

-3.11897 1.27184
-3.03707 1.29537
-2.95509 1.31891
-2.87302 1.34249
-2.79086 1.36609
-2.70861 1.38972
-2.62628 1.41339
-2.54385 1.43708
-2.46134 1.4608
-2.37873 1.48455
-2.29603 1.50833

-1.50833 -2.29603
-1.44075 -2.31412
-1.37314 -2.33221
-1.30549 -2.3503
-1.23782 -2.3684
-1.17012 -2.38649
-1.10242 -2.40458
-1.03471 -2.42267
-0.967003 -2.44075
-0.899308 -2.45882
-0.831629 -2.47688

-0.831629 -2.47688
-0.875905 -2.54142
-0.920114 -2.60587
-0.96426 -2.67024
-1.00835 -2.73453
-1.05238 -2.79875
-1.09636 -2.8629
-1.14029 -2.927
-1.18418 -2.99104
-1.22803 -3.05503
-1.27184 -3.11897

-1.27184 -3.11897
-1.29537 -3.03707
-1.31891 -2.95509
-1.34249 -2.87302
-1.36609 -2.79086
-1.38972 -2.70861
-1.41339 -2.62628
-1.43708 -2.54385
-1.4608 -2.46134
-1.48455 -2.37873
-1.50833 -2.29603

2.29603 -1.50833
2.31412 -1.44075
2.33221 -1.37314
2.3503 -1.30549
2.3684 -1.23782
2.38649 -1.17012
2.40458 -1.10242
2.42267 -1.03471
2.44075 -0.967003
2.45882 -0.899307
2.47688 -0.831629

2.47688 -0.831629
2.54142 -0.875905
2.60587 -0.920114
2.67024 -0.96426
2.73453 -1.00835
2.79875 -1.05238
2.8629 -1.09636
2.927 -1.14029
2.99104 -1.18418
3.05503 -1.22803
3.11897 -1.27184

3.11897 -1.27184
3.03707 -1.29537
2.95509 -1.31891
2.87302 -1.34249
2.79086 -1.36609
2.70861 -1.38972
2.62628 -1.41339
2.54385 -1.43708
2.46134 -1.4608
2.37873 -1.48455
2.29603 -1.50833

-2.54014 -3.10974
-2.60199 -3.04614
-2.66387 -2.98251
-2.72576 -2.91885
-2.78766 -2.85517
-2.84957 -2.79147
-2.91146 -2.72777
-2.97334 -2.66407
-3.0352 -2.60038
-3.09703 -2.53671
-3.15883 -2.47307

-2.27937 -2.3675
-2.30554 -2.44202
-2.33168 -2.51645
-2.3578 -2.59081
-2.3839 -2.6651
-2.40998 -2.73933
-2.43604 -2.81351
-2.46209 -2.88763
-2.48812 -2.9617
-2.51414 -3.03574
-2.54014 -3.10974

3.10974 -2.54014
3.04614 -2.60199
2.98251 -2.66387
2.91885 -2.72576
2.85517 -2.78766
2.79147 -2.84957
2.72777 -2.91146
2.66407 -2.97334
2.60038 -3.0352
2.53671 -3.09703
2.47307 -3.15883

2.3675 -2.27937
2.44202 -2.30553
2.51645 -2.33168
2.59081 -2.3578
2.6651 -2.3839
2.73933 -2.40998
2.81351 -2.43604
2.88763 -2.46209
2.9617 -2.48812
3.03574 -2.51414
3.10974 -2.54014

2.54014 3.10974
2.60199 3.04614
2.66387 2.98251
2.72576 2.91885
2.78766 2.85517
2.84957 2.79147
2.91146 2.72777
2.97334 2.66407
3.0352 2.60038
3.09703 2.53671
3.15883 2.47307

2.27937 2.3675
2.30554 2.44202
2.33168 2.51645
2.3578 2.59081
2.3839 2.6651
2.40998 2.73933
2.43604 2.81351
2.46209 2.88763
2.48812 2.9617
2.51414 3.03574
2.54014 3.10974

-3.10974 2.54014
-3.04614 2.60199
-2.98251 2.66387
-2.91885 2.72576
-2.85517 2.78766
-2.79147 2.84957
-2.72777 2.91146
-2.66407 2.97334
-2.60038 3.0352
-2.53671 3.09703
-2.47307 3.15883

-2.3675 2.27937
-2.44202 2.30554
-2.51645 2.33168
-2.59081 2.3578
-2.6651 2.3839
-2.73933 2.40998
-2.81351 2.43604
-2.88763 2.46209
-2.9617 2.48812
-3.03574 2.51414
-3.10974 2.54014

-3 -4
-3.03153 -3.93166
-3.06307 -3.86329
-3.09461 -3.79488
-3.12616 -3.72644
-3.15772 -3.65798
-3.18927 -3.5895
-3.22083 -3.52101
-3.25238 -3.4525
-3.28393 -3.38399
-3.31547 -3.31547

-3.31547 -3.31547
-3.23806 -3.29492
-3.16063 -3.27438
-3.08318 -3.25382
-3.00571 -3.23326
-2.92821 -3.2127
-2.85067 -3.19212
-2.7731 -3.17154
-2.6955 -3.15095
-2.61784 -3.13035
-2.54014 -3.10974

4 -3
3.93166 -3.03153
3.86329 -3.06307
3.79488 -3.09461
3.72644 -3.12616
3.65798 -3.15772
3.5895 -3.18927
3.52101 -3.22083
3.4525 -3.25238
3.38399 -3.28393
3.31547 -3.31547

3.31547 -3.31547
3.29492 -3.23806
3.27438 -3.16063
3.25382 -3.08318
3.23326 -3.00571
3.2127 -2.92821
3.19212 -2.85067
3.17154 -2.7731
3.15095 -2.6955
3.13035 -2.61784
3.10974 -2.54014

3 4
3.03153 3.93166
3.06307 3.86329
3.09461 3.79488
3.12616 3.72644
3.15772 3.65798
3.18927 3.5895
3.22083 3.52101
3.25238 3.4525
3.28393 3.38399
3.31547 3.31547

3.31547 3.31547
3.23806 3.29492
3.16063 3.27438
3.08318 3.25382
3.00571 3.23326
2.92821 3.2127
2.85067 3.19212
2.7731 3.17154
2.6955 3.15095
2.61784 3.13035
2.54014 3.10974

-4 3
-3.93166 3.03153
-3.86329 3.06307
-3.79488 3.09461
-3.72644 3.12616
-3.65798 3.15772
-3.5895 3.18927
-3.52101 3.22083
-3.4525 3.25238
-3.38399 3.28393
-3.31547 3.31547

-3.31547 3.31547
-3.29492 3.23806
-3.27438 3.16063
-3.25382 3.08318
-3.23326 3.00571
-3.2127 2.92821
-3.19212 2.85067
-3.17154 2.7731
-3.15095 2.6955
-3.13035 2.61784
-3.10974 2.54014

0.499138 3.17437
0.419052 3.18061
0.338957 3.18685
0.258858 3.19308
0.178758 3.19931
0.0986625 3.20554
0.0185738 3.21177
-0.0615041 3.21799
-0.141568 3.22421
-0.221615 3.23042
-0.301641 3.23663

-0.301641 3.23663
-0.271305 3.31334
-0.241009 3.38997
-0.210751 3.46651
-0.180532 3.54296
-0.150351 3.61933
-0.120207 3.69562
-0.0901002 3.77184
-0.0600301 3.84797
-0.0299967 3.92402
1.10112e-11 4

-3.17437 0.499138
-3.18061 0.419052
-3.18685 0.338957
-3.19308 0.258858
-3.19931 0.178758
-3.20554 0.0986625
-3.21177 0.0185739
-3.21799 -0.0615041
-3.22421 -0.141568
-3.23042 -0.221615
-3.23663 -0.301641

-3.23663 -0.301641
-3.31334 -0.271305
-3.38997 -0.241008
-3.46651 -0.210751
-3.54296 -0.180532
-3.61933 -0.150351
-3.69562 -0.120207
-3.77184 -0.0901002
-3.84797 -0.0600301
-3.92402 -0.0299967
-4 1.10112e-11

3.17437 -0.499138
3.18061 -0.419052
3.18685 -0.338957
3.19308 -0.258858
3.19931 -0.178758
3.20554 -0.0986625
3.21177 -0.0185738
3.21799 0.0615041
3.22421 0.141568
3.23042 0.221615
3.23663 0.301641

3.23663 0.301641
3.31334 0.271305
3.38997 0.241009
3.46651 0.210751
3.54296 0.180532
3.61933 0.150351
3.69562 0.120207
3.77184 0.0901002
3.84797 0.0600301
3.92402 0.0299967
4 -1.10112e-11

-0.499138 -3.17437
-0.419052 -3.18061
-0.338957 -3.18685
-0.258858 -3.19308
-0.178758 -3.19931
-0.0986625 -3.20554
-0.0185738 -3.21177
0.0615041 -3.21799
0.141568 -3.22421
0.221615 -3.23042
0.301641 -3.23663

0.301641 -3.23663
0.271305 -3.31334
0.241009 -3.38997
0.210751 -3.46651
0.180532 -3.54296
0.150351 -3.61933
0.120207 -3.69562
0.0901002 -3.77184
0.0600301 -3.84797
0.0299967 -3.92402
-1.10112e-11 -4

-2.47688 0.831629
-2.54697 0.79819
-2.61698 0.764797
-2.68691 0.731448
-2.75677 0.698141
-2.82655 0.664876
-2.89625 0.631651
-2.96589 0.598466
-3.03545 0.565319
-3.10495 0.53221
-3.17437 0.499138

0.831629 2.47688
0.79819 2.54697
0.764797 2.61698
0.731448 2.68691
0.698141 2.75677
0.664876 2.82655
0.631651 2.89625
0.598466 2.96589
0.565319 3.03545
0.53221 3.10495
0.499138 3.17437

2.47688 -0.831629
2.54697 -0.79819
2.61698 -0.764797
2.68691 -0.731448
2.75677 -0.698141
2.82655 -0.664876
2.89625 -0.631651
2.96589 -0.598466
3.03545 -0.565319
3.10495 -0.53221
3.17437 -0.499138

-0.831629 -2.47688
-0.79819 -2.54697
-0.764797 -2.61698
-0.731448 -2.68691
-0.698141 -2.75677
-0.664876 -2.82655
-0.631651 -2.89625
-0.598466 -2.96589
-0.565319 -3.03545
-0.53221 -3.10495
-0.499138 -3.17437

-2.52781 -0.49879
-2.5074 -0.564653
-2.48697 -0.630541
-2.46653 -0.696451
-2.44608 -0.76238
-2.42562 -0.828321
-2.40514 -0.894269
-2.38467 -0.960217
-2.36418 -1.02616
-2.34369 -1.09208
-2.32321 -1.15798

-2.32321 -1.15798
-2.39598 -1.15044
-2.46865 -1.14291
-2.54123 -1.1354
-2.61373 -1.1279
-2.68615 -1.12042
-2.75849 -1.11295
-2.83075 -1.10549
-2.90295 -1.09804
-2.97508 -1.0906
-3.04715 -1.08317

-3.04715 -1.08317
-2.99541 -1.025
-2.94363 -0.966774
-2.89182 -0.908497
-2.83996 -0.850163
-2.78806 -0.791767
-2.73611 -0.733307
-2.68411 -0.674781
-2.63206 -0.616187
-2.57996 -0.557523
-2.52781 -0.49879

2.52781 0.49879
2.5074 0.564653
2.48697 0.630541
2.46653 0.696451
2.44608 0.76238
2.42562 0.828321
2.40514 0.894269
2.38467 0.960217
2.36418 1.02616
2.34369 1.09208
2.32321 1.15798

2.32321 1.15798
2.39598 1.15044
2.46865 1.14291
2.54123 1.1354
2.61373 1.1279
2.68615 1.12042
2.75849 1.11295
2.83075 1.10549
2.90295 1.09804
2.97508 1.0906
3.04715 1.08317

3.04715 1.08317
2.99541 1.025
2.94363 0.966774
2.89182 0.908497
2.83996 0.850163
2.78806 0.791767
2.73611 0.733307
2.68411 0.674781
2.63206 0.616187
2.57996 0.557523
2.52781 0.49879

-0.49879 2.52781
-0.564653 2.5074
-0.630541 2.48697
-0.696451 2.46653
-0.76238 2.44608
-0.828321 2.42562
-0.894269 2.40514
-0.960217 2.38467
-1.02616 2.36418
-1.09208 2.34369
-1.15798 2.32321

-1.15798 2.32321
-1.15044 2.39598
-1.14291 2.46865
-1.1354 2.54123
-1.1279 2.61373
-1.12042 2.68615
-1.11295 2.75849
-1.10549 2.83075
-1.09804 2.90295
-1.0906 2.97508
-1.08317 3.04715

-1.08317 3.04715
-1.025 2.99541
-0.966774 2.94363
-0.908497 2.89182
-0.850163 2.83996
-0.791767 2.78806
-0.733307 2.73611
-0.674781 2.68411
-0.616187 2.63206
-0.557523 2.57996
-0.49879 2.52781

0.49879 -2.52781
0.564653 -2.5074
0.630541 -2.48697
0.696451 -2.46653
0.76238 -2.44608
0.828321 -2.42562
0.894269 -2.40514
0.960217 -2.38467
1.02616 -2.36418
1.09208 -2.34369
1.15798 -2.32321

1.15798 -2.32321
1.15044 -2.39598
1.14291 -2.46865
1.1354 -2.54123
1.1279 -2.61373
1.12042 -2.68615
1.11295 -2.75849
1.10549 -2.83075
1.09804 -2.90295
1.0906 -2.97508
1.08317 -3.04715

1.08317 -3.04715
1.025 -2.99541
0.966774 -2.94363
0.908497 -2.89182
0.850163 -2.83996
0.791767 -2.78806
0.733307 -2.73611
0.674781 -2.68411
0.616187 -2.63206
0.557523 -2.57996
0.49879 -2.52781

-3.04715 -1.08317
-3.06612 -1.005
-3.08509 -0.92681
-3.10405 -0.848621
-3.12301 -0.770435
-3.14197 -0.692256
-3.16092 -0.61409
-3.17986 -0.535942
-3.19879 -0.457815
-3.21772 -0.379714
-3.23663 -0.301641

-3.23663 -0.301641
-3.16608 -0.321244
-3.09546 -0.340869
-3.02477 -0.360517
-2.95401 -0.380189
-2.88318 -0.399886
-2.81227 -0.419609
-2.74129 -0.439359
-2.67022 -0.459139
-2.59906 -0.478948
-2.52781 -0.49879

-1.08317 3.04715
-1.005 3.06612
-0.92681 3.08509
-0.848621 3.10405
-0.770435 3.12301
-0.692256 3.14197
-0.61409 3.16092
-0.535942 3.17986
-0.457815 3.19879
-0.379714 3.21772
-0.301641 3.23663

-0.301641 3.23663
-0.321244 3.16608
-0.340869 3.09546
-0.360517 3.02477
-0.380189 2.95401
-0.399886 2.88318
-0.419609 2.81227
-0.439359 2.74129
-0.459139 2.67022
-0.478948 2.59906
-0.49879 2.52781

3.04715 1.08317
3.06612 1.005
3.08509 0.92681
3.10405 0.848621
3.12301 0.770435
3.14197 0.692256
3.16092 0.61409
3.17986 0.535942
3.19879 0.457815
3.21772 0.379714
3.23663 0.301641

3.23663 0.301641
3.16608 0.321244
3.09546 0.340869
3.02477 0.360517
2.95401 0.380189
2.88318 0.399886
2.81227 0.419609
2.74129 0.439359
2.67022 0.459139
2.59906 0.478948
2.52781 0.49879

1.08317 -3.04715
1.005 -3.06612
0.92681 -3.08509
0.848621 -3.10405
0.770435 -3.12301
0.692256 -3.14197
0.61409 -3.16092
0.535942 -3.17986
0.457815 -3.19879
0.379714 -3.21772
0.301641 -3.23663

0.301641 -3.23663
0.321244 -3.16608
0.340869 -3.09546
0.360517 -3.02477
0.380189 -2.95401
0.399886 -2.88318
0.419609 -2.81227
0.439359 -2.74129
0.459139 -2.67022
0.478948 -2.59906
0.49879 -2.52781

-1.67271 -1.09878
-1.7027 -1.16104
-1.73265 -1.2232
-1.76257 -1.28526
-1.79245 -1.34721
-1.8223 -1.40908
-1.85213 -1.47086
-1.88192 -1.53256
-1.9117 -1.59419
-1.94145 -1.65576
-1.97119 -1.71728

-1.97119 -1.71728
-2.0064 -1.6614
-2.04162 -1.60549
-2.07685 -1.54955
-2.11208 -1.4936
-2.14731 -1.43764
-2.18252 -1.38168
-2.21772 -1.32573
-2.25291 -1.26979
-2.28807 -1.21387
-2.32321 -1.15798

-2.32321 -1.15798
-2.25849 -1.15205
-2.19372 -1.14613
-2.12889 -1.1402
-2.06399 -1.13428
-1.99903 -1.12836
-1.93398 -1.12244
-1.86883 -1.11652
-1.80359 -1.1106
-1.73822 -1.10469
-1.67271 -1.09878

1.67271 1.09878
1.7027 1.16104
1.73265 1.2232
1.76257 1.28526
1.79245 1.34721
1.8223 1.40908
1.85213 1.47086
1.88192 1.53256
1.9117 1.59419
1.94145 1.65576
1.97119 1.71728

1.97119 1.71728
2.0064 1.6614
2.04162 1.60549
2.07685 1.54955
2.11208 1.4936
2.14731 1.43764
2.18252 1.38168
2.21772 1.32573
2.25291 1.26979
2.28807 1.21387
2.32321 1.15798

2.32321 1.15798
2.25849 1.15205
2.19372 1.14613
2.12889 1.1402
2.06399 1.13428
1.99903 1.12836
1.93398 1.12244
1.86883 1.11652
1.80359 1.1106
1.73822 1.10469
1.67271 1.09878

-1.09878 1.67271
-1.16104 1.7027
-1.2232 1.73265
-1.28526 1.76257
-1.34721 1.79245
-1.40908 1.8223
-1.47086 1.85213
-1.53256 1.88192
-1.59419 1.9117
-1.65576 1.94145
-1.71728 1.97119

-1.71728 1.97119
-1.6614 2.0064
-1.60549 2.04162
-1.54955 2.07685
-1.4936 2.11208
-1.43764 2.14731
-1.38168 2.18252
-1.32573 2.21772
-1.26979 2.25291
-1.21387 2.28807
-1.15798 2.32321

-1.15798 2.32321
-1.15205 2.25849
-1.14613 2.19372
-1.1402 2.12889
-1.13428 2.06399
-1.12836 1.99903
-1.12244 1.93398
-1.11652 1.86883
-1.1106 1.80359
-1.10469 1.73822
-1.09878 1.67271

1.09878 -1.67271
1.16104 -1.7027
1.2232 -1.73265
1.28526 -1.76257
1.34721 -1.79245
1.40908 -1.8223
1.47086 -1.85213
1.53256 -1.88192
1.59419 -1.9117
1.65576 -1.94145
1.71728 -1.97119

1.71728 -1.97119
1.6614 -2.0064
1.60549 -2.04162
1.54955 -2.07685
1.4936 -2.11208
1.43764 -2.14731
1.38168 -2.18252
1.32573 -2.21772
1.26979 -2.25291
1.21387 -2.28807
1.15798 -2.32321

1.15798 -2.32321
1.15205 -2.25849
1.14613 -2.19372
1.1402 -2.12889
1.13428 -2.06399
1.12836 -1.99903
1.12244 -1.93398
1.11652 -1.86883
1.1106 -1.80359
1.10469 -1.73822
1.09878 -1.67271

0.301641 -3.23663
0.256755 -3.17116
0.211821 -3.10563
0.166837 -3.04004
0.121801 -2.97438
0.0767114 -2.90866
0.0315663 -2.84287
-0.0136358 -2.77701
-0.0588964 -2.71108
-0.104217 -2.64507
-0.149599 -2.57899

-0.149599 -2.57899
-0.0847924 -2.5739
-0.019971 -2.5688
0.0448628 -2.56369
0.109706 -2.55858
0.174556 -2.55347
0.23941 -2.54835
0.304264 -2.54322
0.369115 -2.53809
0.433958 -2.53295
0.49879 -2.52781

3.23663 0.301641
3.17116 0.256755
3.10563 0.211822
3.04004 0.166837
2.97438 0.121801
2.90866 0.0767115
2.84287 0.0315664
2.77701 -0.0136357
2.71108 -0.0588963
2.64507 -0.104217
2.57899 -0.149599

2.57899 -0.149599
2.5739 -0.0847923
2.5688 -0.0199709
2.56369 0.0448629
2.55858 0.109706
2.55347 0.174557
2.54835 0.23941
2.54322 0.304264
2.53809 0.369115
2.53295 0.433958
2.52781 0.49879

-0.301641 3.23663
-0.256755 3.17116
-0.211821 3.10563
-0.166837 3.04004
-0.121801 2.97438
-0.0767114 2.90866
-0.0315663 2.84287
0.0136358 2.77701
0.0588964 2.71108
0.104217 2.64507
0.149599 2.57899

0.149599 2.57899
0.0847924 2.5739
0.019971 2.5688
-0.0448628 2.56369
-0.109706 2.55858
-0.174556 2.55347
-0.23941 2.54835
-0.304264 2.54322
-0.369115 2.53809
-0.433958 2.53295
-0.49879 2.52781

-3.23663 -0.301641
-3.17116 -0.256755
-3.10563 -0.211821
-3.04004 -0.166837
-2.97438 -0.121801
-2.90866 -0.0767114
-2.84287 -0.0315663
-2.77701 0.0136358
-2.71108 0.0588964
-2.64507 0.104217
-2.57899 0.149599

-2.57899 0.149599
-2.5739 0.0847925
-2.5688 0.019971
-2.56369 -0.0448628
-2.55858 -0.109706
-2.55347 -0.174556
-2.54835 -0.23941
-2.54322 -0.304264
-2.53809 -0.369114
-2.53295 -0.433958
-2.52781 -0.49879

-4 -1
-3.92399 -0.93053
-3.84792 -0.860994
-3.77179 -0.791384
-3.69559 -0.721695
-3.61931 -0.651921
-3.54296 -0.582058
-3.46651 -0.512101
-3.38998 -0.442048
-3.31335 -0.371895
-3.23663 -0.301641

-3.04715 -1.08317
-3.14298 -1.0748
-3.23869 -1.06645
-3.33426 -1.05811
-3.42971 -1.04978
-3.52504 -1.04146
-3.62026 -1.03315
-3.71536 -1.02485
-3.81035 -1.01656
-3.90523 -1.00828
-4 -1

-1 4
-0.93053 3.92399
-0.860994 3.84792
-0.791384 3.77179
-0.721695 3.69559
-0.651921 3.61931
-0.582058 3.54296
-0.512101 3.46651
-0.442048 3.38998
-0.371895 3.31335
-0.301641 3.23663

-1.08317 3.04715
-1.0748 3.14298
-1.06645 3.23869
-1.05811 3.33426
-1.04978 3.42971
-1.04146 3.52504
-1.03315 3.62026
-1.02485 3.71536
-1.01656 3.81035
-1.00828 3.90523
-1 4

1 -4
0.93053 -3.92399
0.860994 -3.84792
0.791384 -3.77179
0.721695 -3.69559
0.651921 -3.61931
0.582058 -3.54296
0.512101 -3.46651
0.442048 -3.38998
0.371895 -3.31335
0.301641 -3.23663

1.08317 -3.04715
1.0748 -3.14298
1.06645 -3.23869
1.05811 -3.33426
1.04978 -3.42971
1.04146 -3.52504
1.03315 -3.62026
1.02485 -3.71536
1.01656 -3.81035
1.00828 -3.90523
1 -4

4 1
3.92399 0.93053
3.84792 0.860994
3.77179 0.791384
3.69559 0.721695
3.61931 0.651921
3.54296 0.582058
3.46651 0.512101
3.38998 0.442048
3.31335 0.371895
3.23663 0.301641

3.04715 1.08317
3.14298 1.0748
3.23869 1.06645
3.33426 1.05811
3.42971 1.04978
3.52504 1.04146
3.62026 1.03315
3.71536 1.02485
3.81035 1.01656
3.90523 1.00828
4 1

-1.96648 0.453101
-2.02806 0.422536
-2.08955 0.392028
-2.15096 0.361574
-2.2123 0.331168
-2.27357 0.300808
-2.33477 0.270489
-2.39591 0.240211
-2.457 0.20997
-2.51802 0.179767
-2.57899 0.149599

-2.57899 0.149599
-2.56881 0.217767
-2.55862 0.285953
-2.54843 0.354154
-2.53822 0.422366
-2.52801 0.490587
-2.5178 0.558811
-2.50757 0.627033
-2.49735 0.695248
-2.48711 0.763449
-2.47688 0.831629

-2.47688 0.831629
-2.42605 0.793967
-2.37518 0.75627
-2.32426 0.718533
-2.2733 0.680754
-2.22229 0.64293
-2.17122 0.605059
-2.12011 0.567141
-2.06895 0.529175
-2.01774 0.491161
-1.96648 0.453101

0.453101 1.96648
0.422536 2.02806
0.392028 2.08955
0.361574 2.15096
0.331168 2.2123
0.300808 2.27357
0.270489 2.33477
0.240211 2.39591
0.20997 2.457
0.179767 2.51802
0.149599 2.57899

0.149599 2.57899
0.217767 2.56881
0.285953 2.55862
0.354154 2.54843
0.422366 2.53822
0.490587 2.52801
0.558811 2.5178
0.627033 2.50757
0.695248 2.49735
0.763449 2.48711
0.831629 2.47688

0.831629 2.47688
0.793967 2.42605
0.75627 2.37518
0.718533 2.32426
0.680754 2.2733
0.642929 2.22229
0.605059 2.17122
0.567141 2.12011
0.529175 2.06895
0.491161 2.01774
0.453101 1.96648

1.96648 -0.4531
2.02806 -0.422536
2.08955 -0.392028
2.15096 -0.361574
2.2123 -0.331168
2.27357 -0.300807
2.33477 -0.270489
2.39591 -0.240211
2.457 -0.20997
2.51802 -0.179767
2.57899 -0.149599

2.57899 -0.149599
2.56881 -0.217767
2.55862 -0.285953
2.54843 -0.354153
2.53822 -0.422366
2.52801 -0.490587
2.5178 -0.558811
2.50757 -0.627033
2.49735 -0.695248
2.48711 -0.763449
2.47688 -0.831629

2.47688 -0.831629
2.42605 -0.793967
2.37518 -0.75627
2.32426 -0.718533
2.2733 -0.680753
2.22229 -0.642929
2.17122 -0.605059
2.12011 -0.567141
2.06895 -0.529174
2.01774 -0.491161
1.96648 -0.4531

-0.453101 -1.96648
-0.422536 -2.02806
-0.392028 -2.08955
-0.361574 -2.15096
-0.331168 -2.2123
-0.300808 -2.27357
-0.270489 -2.33477
-0.240211 -2.39591
-0.20997 -2.457
-0.179767 -2.51802
-0.149599 -2.57899

-0.149599 -2.57899
-0.217767 -2.56881
-0.285953 -2.55862
-0.354154 -2.54843
-0.422366 -2.53822
-0.490587 -2.52801
-0.558811 -2.5178
-0.627033 -2.50757
-0.695248 -2.49735
-0.763449 -2.48711
-0.831629 -2.47688

-0.831629 -2.47688
-0.793967 -2.42605
-0.75627 -2.37518
-0.718533 -2.32426
-0.680754 -2.2733
-0.642929 -2.22229
-0.605059 -2.17122
-0.567141 -2.12011
-0.529175 -2.06895
-0.491161 -2.01774
-0.453101 -1.96648

2.71363 1.81225
2.747 1.73937
2.78038 1.66645
2.81376 1.59352
2.84713 1.52058
2.8805 1.44764
2.91386 1.3747
2.94721 1.30178
2.98054 1.22888
3.01385 1.15601
3.04715 1.08317

2.32321 1.15798
2.36241 1.22373
2.40156 1.2894
2.44068 1.35499
2.47977 1.42051
2.51882 1.48595
2.55783 1.55132
2.59682 1.61663
2.63578 1.68189
2.67472 1.74709
2.71363 1.81225

-2.71363 -1.81225
-2.747 -1.73937
-2.78038 -1.66645
-2.81376 -1.59352
-2.84713 -1.52058
-2.8805 -1.44764
-2.91386 -1.3747
-2.94721 -1.30178
-2.98054 -1.22888
-3.01385 -1.15601
-3.04715 -1.08317

-2.32321 -1.15798
-2.36241 -1.22373
-2.40156 -1.2894
-2.44068 -1.35499
-2.47977 -1.42051
-2.51882 -1.48595
-2.55783 -1.55132
-2.59682 -1.61663
-2.63578 -1.68189
-2.67472 -1.74709
-2.71363 -1.81225

1.81225 -2.71363
1.73937 -2.747
1.66645 -2.78038
1.59352 -2.81376
1.52058 -2.84713
1.44764 -2.8805
1.3747 -2.91386
1.30178 -2.94721
1.22888 -2.98054
1.15601 -3.01385
1.08317 -3.04715

1.15798 -2.32321
1.22373 -2.36241
1.2894 -2.40156
1.35499 -2.44068
1.42051 -2.47977
1.48595 -2.51882
1.55132 -2.55783
1.61663 -2.59682
1.68189 -2.63578
1.74709 -2.67472
1.81225 -2.71363

-1.81225 2.71363
-1.73937 2.747
-1.66645 2.78038
-1.59352 2.81376
-1.52058 2.84713
-1.44764 2.8805
-1.3747 2.91386
-1.30178 2.94721
-1.22888 2.98054
-1.15601 3.01385
-1.08317 3.04715

-1.15798 2.32321
-1.22373 2.36241
-1.2894 2.40156
-1.35499 2.44068
-1.42051 2.47977
-1.48595 2.51882
-1.55132 2.55783
-1.61663 2.59682
-1.68189 2.63578
-1.74709 2.67472
-1.81225 2.71363

-2.97845 1.91998
-2.91048 1.87898
-2.84247 1.83796
-2.77441 1.7969
-2.70629 1.75582
-2.63812 1.71469
-2.56988 1.67352
-2.50156 1.63231
-2.43315 1.59104
-2.36465 1.54972
-2.29603 1.50833

2.97845 -1.91998
2.91048 -1.87898
2.84247 -1.83796
2.77441 -1.7969
2.70629 -1.75581
2.63812 -1.71469
2.56988 -1.67352
2.50156 -1.63231
2.43315 -1.59104
2.36465 -1.54972
2.29603 -1.50833

1.91998 2.97845
1.87898 2.91048
1.83796 2.84247
1.7969 2.77441
1.75582 2.70629
1.71469 2.63812
1.67352 2.56988
1.63231 2.50156
1.59104 2.43315
1.54972 2.36465
1.50833 2.29603

-1.91998 -2.97845
-1.87898 -2.91048
-1.83796 -2.84247
-1.7969 -2.77441
-1.75582 -2.70629
-1.71469 -2.63812
-1.67352 -2.56988
-1.63231 -2.50156
-1.59104 -2.43315
-1.54972 -2.36465
-1.50833 -2.29603

0.831629 2.47688
0.855844 2.42563
0.880081 2.37434
0.904342 2.32301
0.928627 2.27164
0.952937 2.22022
0.977272 2.16875
1.00163 2.11724
1.02602 2.06568
1.05044 2.01406
1.07488 1.9624

-2.47688 0.831629
-2.42563 0.855844
-2.37434 0.880081
-2.32301 0.904342
-2.27164 0.928627
-2.22022 0.952937
-2.16875 0.977272
-2.11724 1.00163
-2.06568 1.02602
-2.01406 1.05044
-1.9624 1.07488

2.47688 -0.831629
2.42563 -0.855843
2.37434 -0.880081
2.32301 -0.904341
2.27164 -0.928626
2.22022 -0.952936
2.16875 -0.977272
2.11724 -1.00163
2.06568 -1.02602
2.01406 -1.05044
1.9624 -1.07488

-0.831629 -2.47688
-0.855844 -2.42563
-0.880081 -2.37434
-0.904342 -2.32301
-0.928627 -2.27164
-0.952937 -2.22022
-0.977272 -2.16875
-1.00163 -2.11724
-1.02602 -2.06568
-1.05044 -2.01406
-1.07488 -1.9624

3.17437 -0.499138
3.11508 -0.464351
3.05573 -0.42953
2.99633 -0.394675
2.93688 -0.359784
2.87738 -0.324855
2.81782 -0.289887
2.75821 -0.254879
2.69853 -0.219829
2.63879 -0.184736
2.57899 -0.149599

-0.499138 -3.17437
-0.464351 -3.11508
-0.42953 -3.05573
-0.394675 -2.99633
-0.359784 -2.93688
-0.324855 -2.87738
-0.289887 -2.81782
-0.254879 -2.75821
-0.219829 -2.69853
-0.184736 -2.63879
-0.149599 -2.57899

-3.17437 0.499138
-3.11508 0.464351
-3.05573 0.42953
-2.99633 0.394675
-2.93688 0.359784
-2.87738 0.324855
-2.81782 0.289887
-2.75821 0.254879
-2.69853 0.219829
-2.63879 0.184736
-2.57899 0.149599

0.499138 3.17437
0.464351 3.11508
0.42953 3.05573
0.394675 2.99633
0.359784 2.93688
0.324855 2.87738
0.289887 2.81782
0.254879 2.75821
0.219829 2.69853
0.184736 2.63879
0.149599 2.57899

1.71728 -1.97119
1.7268 -2.04582
1.73631 -2.12034
1.74582 -2.19477
1.75532 -2.26912
1.76482 -2.34338
1.77432 -2.41756
1.78381 -2.49168
1.79329 -2.56572
1.80278 -2.63971
1.81225 -2.71363

-1.71728 1.97119
-1.7268 2.04582
-1.73631 2.12034
-1.74582 2.19477
-1.75532 2.26912
-1.76482 2.34338
-1.77432 2.41756
-1.78381 2.49168
-1.79329 2.56572
-1.80278 2.63971
-1.81225 2.71363

1.97119 1.71728
2.04582 1.7268
2.12034 1.73631
2.19477 1.74582
2.26912 1.75532
2.34338 1.76482
2.41756 1.77432
2.49168 1.78381
2.56572 1.79329
2.63971 1.80278
2.71363 1.81225

-1.97119 -1.71728
-2.04582 -1.7268
-2.12034 -1.73631
-2.19477 -1.74582
-2.26912 -1.75532
-2.34338 -1.76482
-2.41756 -1.77432
-2.49168 -1.78381
-2.56572 -1.79329
-2.63971 -1.80278
-2.71363 -1.81225

-4 -2
-3.91619 -2.04717
-3.83229 -2.09438
-3.74831 -2.14163
-3.66426 -2.18891
-3.58014 -2.23623
-3.49596 -2.28357
-3.41173 -2.33092
-3.32746 -2.3783
-3.24315 -2.42568
-3.15883 -2.47307

-3.15883 -2.47307
-3.24324 -2.52596
-3.32756 -2.57878
-3.41179 -2.63155
-3.49595 -2.68428
-3.58005 -2.73696
-3.6641 -2.78961
-3.74811 -2.84223
-3.83208 -2.89483
-3.91605 -2.94742
-4 -3

2 -4
2.04717 -3.91619
2.09438 -3.83229
2.14163 -3.74831
2.18891 -3.66426
2.23623 -3.58014
2.28357 -3.49596
2.33092 -3.41173
2.3783 -3.32746
2.42568 -3.24315
2.47307 -3.15883

2.47307 -3.15883
2.52596 -3.24324
2.57878 -3.32756
2.63155 -3.41179
2.68428 -3.49595
2.73696 -3.58005
2.78961 -3.6641
2.84223 -3.74811
2.89483 -3.83208
2.94742 -3.91605
3 -4

4 2
3.91619 2.04717
3.83229 2.09438
3.74831 2.14163
3.66426 2.18891
3.58014 2.23623
3.49596 2.28357
3.41173 2.33092
3.32746 2.3783
3.24315 2.42568
3.15883 2.47307

3.15883 2.47307
3.24324 2.52596
3.32756 2.57878
3.41179 2.63155
3.49595 2.68428
3.58005 2.73696
3.6641 2.78961
3.74811 2.84223
3.83208 2.89483
3.91605 2.94742
4 3

-2 4
-2.04717 3.91619
-2.09438 3.83229
-2.14163 3.74831
-2.18891 3.66426
-2.23623 3.58014
-2.28357 3.49596
-2.33092 3.41173
-2.3783 3.32746
-2.42568 3.24315
-2.47307 3.15883

-2.47307 3.15883
-2.52596 3.24324
-2.57878 3.32756
-2.63155 3.41179
-2.68428 3.49595
-2.73696 3.58005
-2.78961 3.6641
-2.84223 3.74811
-2.89483 3.83208
-2.94742 3.91605
-3 4

-2.32321 -1.15798
-2.29398 -1.1133
-2.26473 -1.06859
-2.23546 -1.02384
-2.20618 -0.979047
-2.17687 -0.934217
-2.14754 -0.889345
-2.1182 -0.844431
-2.08883 -0.799477
-2.05945 -0.754483
-2.03005 -0.709451

2.32321 1.15798
2.29398 1.1133
2.26473 1.06859
2.23546 1.02384
2.20618 0.979047
2.17687 0.934217
2.14754 0.889345
2.1182 0.844431
2.08883 0.799477
2.05945 0.754483
2.03005 0.709451

-1.15798 2.32321
-1.1133 2.29398
-1.06859 2.26473
-1.02384 2.23546
-0.979047 2.20618
-0.934217 2.17687
-0.889345 2.14754
-0.844431 2.1182
-0.799477 2.08883
-0.754483 2.05945
-0.709451 2.03005

1.15798 -2.32321
1.1133 -2.29398
1.06859 -2.26473
1.02384 -2.23546
0.979047 -2.20618
0.934217 -2.17687
0.889345 -2.14754
0.844431 -2.1182
0.799477 -2.08883
0.754483 -2.05945
0.709451 -2.03005

-1.50833 -2.29603
-1.55453 -2.23832
-1.60077 -2.18054
-1.64704 -2.12272
-1.69333 -2.06486
-1.73965 -2.00697
-1.78597 -1.94904
-1.83229 -1.8911
-1.87861 -1.83316
-1.92491 -1.77521
-1.97119 -1.71728

-1.97119 -1.71728
-1.91953 -1.70319
-1.86783 -1.6891
-1.8161 -1.675
-1.76431 -1.6609
-1.71248 -1.64678
-1.66059 -1.63266
-1.60865 -1.61853
-1.55665 -1.6044
-1.50458 -1.59025
-1.45244 -1.57609

-1.45244 -1.57609
-1.45801 -1.64856
-1.46359 -1.72089
-1.46918 -1.79312
-1.47476 -1.86523
-1.48035 -1.93724
-1.48594 -2.00915
-1.49153 -2.08098
-1.49713 -2.15274
-1.50273 -2.22442
-1.50833 -2.29603

2.29603 -1.50833
2.23832 -1.55453
2.18054 -1.60077
2.12272 -1.64704
2.06486 -1.69333
2.00697 -1.73965
1.94904 -1.78597
1.8911 -1.83229
1.83316 -1.87861
1.77521 -1.92491
1.71728 -1.97119

1.71728 -1.97119
1.70319 -1.91953
1.6891 -1.86783
1.675 -1.8161
1.6609 -1.76431
1.64678 -1.71248
1.63266 -1.66059
1.61853 -1.60865
1.6044 -1.55665
1.59025 -1.50458
1.57609 -1.45244

1.57609 -1.45244
1.64856 -1.45801
1.72089 -1.46359
1.79312 -1.46918
1.86523 -1.47476
1.93724 -1.48035
2.00915 -1.48594
2.08098 -1.49153
2.15274 -1.49713
2.22442 -1.50273
2.29603 -1.50833

1.50833 2.29603
1.55453 2.23832
1.60077 2.18054
1.64704 2.12272
1.69333 2.06486
1.73965 2.00697
1.78597 1.94904
1.83229 1.8911
1.87861 1.83316
1.92491 1.77521
1.97119 1.71728

1.97119 1.71728
1.91953 1.70319
1.86783 1.6891
1.8161 1.675
1.76431 1.6609
1.71248 1.64678
1.66059 1.63266
1.60865 1.61853
1.55665 1.6044
1.50458 1.59025
1.45244 1.57609

1.45244 1.57609
1.45801 1.64856
1.46359 1.72089
1.46918 1.79312
1.47476 1.86523
1.48035 1.93724
1.48594 2.00915
1.49153 2.08098
1.49713 2.15274
1.50273 2.22442
1.50833 2.29603

-2.29603 1.50833
-2.23832 1.55453
-2.18054 1.60077
-2.12272 1.64704
-2.06486 1.69333
-2.00697 1.73965
-1.94904 1.78597
-1.8911 1.83229
-1.83316 1.87861
-1.77521 1.92491
-1.71728 1.97119

-1.71728 1.97119
-1.70319 1.91953
-1.6891 1.86783
-1.675 1.8161
-1.6609 1.76431
-1.64678 1.71248
-1.63266 1.66059
-1.61853 1.60865
-1.6044 1.55665
-1.59025 1.50458
-1.57609 1.45244

-1.57609 1.45244
-1.64856 1.45801
-1.72089 1.46359
-1.79312 1.46918
-1.86523 1.47476
-1.93724 1.48035
-2.00915 1.48594
-2.08098 1.49153
-2.15274 1.49713
-2.22442 1.50273
-2.29603 1.50833

-1.71728 1.97119
-1.78263 2.00214
-1.8479 2.03305
-1.91307 2.06392
-1.97817 2.09477
-2.0432 2.12559
-2.10817 2.15639
-2.17307 2.18716
-2.23793 2.21791
-2.30274 2.24865
-2.3675 2.27937

-1.97119 -1.71728
-2.00214 -1.78263
-2.03305 -1.8479
-2.06392 -1.91307
-2.09477 -1.97817
-2.12559 -2.0432
-2.15639 -2.10817
-2.18716 -2.17307
-2.21791 -2.23793
-2.24865 -2.30274
-2.27937 -2.3675

1.71728 -1.97119
1.78263 -2.00214
1.8479 -2.03305
1.91307 -2.06392
1.97817 -2.09477
2.0432 -2.12559
2.10817 -2.15639
2.17307 -2.18716
2.23793 -2.21791
2.30274 -2.24865
2.3675 -2.27937

1.97119 1.71728
2.00214 1.78263
2.03305 1.8479
2.06392 1.91307
2.09477 1.97817
2.12559 2.0432
2.15639 2.10817
2.18716 2.17307
2.21791 2.23793
2.24865 2.30274
2.27937 2.3675

-3.31547 -3.31547
-3.29983 -3.23136
-3.28418 -3.14724
-3.26853 -3.06309
-3.25288 -2.97891
-3.23722 -2.8947
-3.22155 -2.81046
-3.20588 -2.72618
-3.1902 -2.64185
-3.17452 -2.55749
-3.15883 -2.47307

3.31547 -3.31547
3.23136 -3.29983
3.14724 -3.28418
3.06309 -3.26853
2.97891 -3.25288
2.8947 -3.23722
2.81046 -3.22155
2.72618 -3.20588
2.64185 -3.1902
2.55749 -3.17452
2.47307 -3.15883

3.31547 3.31547
3.29983 3.23136
3.28418 3.14724
3.26853 3.06309
3.25288 2.97891
3.23722 2.8947
3.22155 2.81046
3.20588 2.72618
3.1902 2.64185
3.17452 2.55749
3.15883 2.47307

-3.31547 3.31547
-3.23136 3.29983
-3.14724 3.28418
-3.06309 3.26853
-2.97891 3.25288
-2.8947 3.23722
-2.81046 3.22155
-2.72618 3.20588
-2.64185 3.1902
-2.55749 3.17452
-2.47307 3.15883

-3.15883 -2.47307
-3.18134 -2.3932
-3.20385 -2.31331
-3.22636 -2.23339
-3.24888 -2.15346
-3.2714 -2.07351
-3.29391 -1.99355
-3.31643 -1.9136
-3.33894 -1.83364
-3.36145 -1.7537
-3.38394 -1.67377

-3.38394 -1.67377
-3.31714 -1.68757
-3.25028 -1.70138
-3.18337 -1.71521
-3.11641 -1.72904
-3.04941 -1.74288
-2.98235 -1.75673
-2.91524 -1.7706
-2.84809 -1.78447
-2.78089 -1.79836
-2.71363 -1.81225

2.47307 -3.15883
2.3932 -3.18134
2.31331 -3.20385
2.23339 -3.22636
2.15346 -3.24888
2.07351 -3.2714
1.99355 -3.29391
1.9136 -3.31643
1.83364 -3.33894
1.7537 -3.36145
1.67377 -3.38394

1.67377 -3.38394
1.68757 -3.31714
1.70138 -3.25028
1.71521 -3.18337
1.72904 -3.11641
1.74288 -3.04941
1.75673 -2.98235
1.7706 -2.91524
1.78447 -2.84809
1.79836 -2.78089
1.81225 -2.71363

-2.47307 3.15883
-2.3932 3.18134
-2.31331 3.20385
-2.23339 3.22636
-2.15346 3.24888
-2.07351 3.2714
-1.99355 3.29391
-1.9136 3.31643
-1.83364 3.33894
-1.7537 3.36145
-1.67377 3.38394

-1.67377 3.38394
-1.68757 3.31714
-1.70138 3.25028
-1.71521 3.18337
-1.72904 3.11641
-1.74288 3.04941
-1.75673 2.98235
-1.7706 2.91524
-1.78447 2.84809
-1.79836 2.78089
-1.81225 2.71363

3.15883 2.47307
3.18134 2.3932
3.20385 2.31331
3.22636 2.23339
3.24888 2.15346
3.2714 2.07351
3.29391 1.99355
3.31643 1.9136
3.33894 1.83364
3.36145 1.7537
3.38394 1.67377

3.38394 1.67377
3.31714 1.68757
3.25028 1.70138
3.18337 1.71521
3.11641 1.72904
3.04941 1.74288
2.98235 1.75673
2.91524 1.7706
2.84809 1.78447
2.78089 1.79836
2.71363 1.81225

-2.52781 -0.49879
-2.47822 -0.519753
-2.4286 -0.540737
-2.37893 -0.561741
-2.32923 -0.582768
-2.27949 -0.603816
-2.2297 -0.624889
-2.17986 -0.645987
-2.12998 -0.667112
-2.08004 -0.688266
-2.03005 -0.709451

-0.49879 2.52781
-0.519753 2.47822
-0.540737 2.4286
-0.561741 2.37893
-0.582768 2.32923
-0.603816 2.27949
-0.624889 2.2297
-0.645987 2.17986
-0.667112 2.12998
-0.688266 2.08004
-0.709451 2.03005

0.49879 -2.52781
0.519753 -2.47822
0.540737 -2.4286
0.561741 -2.37893
0.582768 -2.32923
0.603816 -2.27949
0.624889 -2.2297
0.645987 -2.17986
0.667112 -2.12998
0.688266 -2.08004
0.709451 -2.03005

2.52781 0.49879
2.47822 0.519754
2.4286 0.540737
2.37893 0.561742
2.32923 0.582768
2.27949 0.603817
2.2297 0.624889
2.17986 0.645988
2.12998 0.667113
2.08004 0.688266
2.03005 0.709451

4 3
3.93166 3.03153
3.86329 3.06307
3.79488 3.09461
3.72644 3.12616
3.65798 3.15772
3.5895 3.18927
3.52101 3.22083
3.4525 3.25238
3.38399 3.28393
3.31547 3.31547

3.31547 3.31547
3.38403 3.38403
3.45254 3.45254
3.52102 3.52102
3.58946 3.58946
3.65788 3.65788
3.72629 3.72629
3.79469 3.79469
3.86311 3.86311
3.93154 3.93154
4 4

-3 4
-3.03153 3.93166
-3.06307 3.86329
-3.09461 3.79488
-3.12616 3.72644
-3.15772 3.65798
-3.18927 3.5895
-3.22083 3.52101
-3.25238 3.4525
-3.28393 3.38399
-3.31547 3.31547

-3.31547 3.31547
-3.38403 3.38403
-3.45254 3.45254
-3.52102 3.52102
-3.58946 3.58946
-3.65788 3.65788
-3.72629 3.72629
-3.79469 3.79469
-3.86311 3.86311
-3.93154 3.93154
-4 4

-4 -3
-3.93166 -3.03153
-3.86329 -3.06307
-3.79488 -3.09461
-3.72644 -3.12616
-3.65798 -3.15772
-3.5895 -3.18927
-3.52101 -3.22083
-3.4525 -3.25238
-3.38399 -3.28393
-3.31547 -3.31547

-3.31547 -3.31547
-3.38403 -3.38403
-3.45254 -3.45254
-3.52102 -3.52102
-3.58946 -3.58946
-3.65788 -3.65788
-3.72629 -3.72629
-3.79469 -3.79469
-3.86311 -3.86311
-3.93154 -3.93154
-4 -4

3 -4
3.03153 -3.93166
3.06307 -3.86329
3.09461 -3.79488
3.12616 -3.72644
3.15772 -3.65798
3.18927 -3.5895
3.22083 -3.52101
3.25238 -3.4525
3.28393 -3.38399
3.31547 -3.31547

3.31547 -3.31547
3.38403 -3.38403
3.45254 -3.45254
3.52102 -3.52102
3.58946 -3.58946
3.65788 -3.65788
3.72629 -3.72629
3.79469 -3.79469
3.86311 -3.86311
3.93154 -3.93154
4 -4

1.45244 1.57609
1.41467 1.61478
1.37689 1.65348
1.3391 1.69217
1.30131 1.73085
1.26353 1.76951
1.22576 1.80815
1.188 1.84676
1.15027 1.88534
1.11257 1.92388
1.07488 1.9624

1.07488 1.9624
1.11843 1.99589
1.16193 2.02934
1.20538 2.06277
1.24877 2.09617
1.29213 2.12954
1.33544 2.16288
1.37871 2.1962
1.42195 2.2295
1.46515 2.26278
1.50833 2.29603

-1.45244 -1.57609
-1.41467 -1.61478
-1.37689 -1.65348
-1.3391 -1.69217
-1.30131 -1.73085
-1.26353 -1.76951
-1.22576 -1.80815
-1.188 -1.84676
-1.15027 -1.88534
-1.11257 -1.92388
-1.07488 -1.9624

-1.07488 -1.9624
-1.11843 -1.99589
-1.16193 -2.02934
-1.20538 -2.06277
-1.24877 -2.09617
-1.29213 -2.12954
-1.33544 -2.16288
-1.37871 -2.1962
-1.42195 -2.2295
-1.46515 -2.26278
-1.50833 -2.29603

1.57609 -1.45244
1.61478 -1.41467
1.65348 -1.37689
1.69217 -1.3391
1.73085 -1.30131
1.76951 -1.26353
1.80815 -1.22576
1.84676 -1.188
1.88534 -1.15027
1.92388 -1.11257
1.9624 -1.07488

1.9624 -1.07488
1.99589 -1.11843
2.02934 -1.16193
2.06277 -1.20538
2.09617 -1.24877
2.12954 -1.29213
2.16288 -1.33544
2.1962 -1.37871
2.2295 -1.42195
2.26278 -1.46515
2.29603 -1.50833

-1.57609 1.45244
-1.61478 1.41467
-1.65348 1.37689
-1.69217 1.3391
-1.73085 1.30131
-1.76951 1.26353
-1.80815 1.22576
-1.84676 1.188
-1.88534 1.15027
-1.92388 1.11257
-1.9624 1.07488

-1.9624 1.07488
-1.99589 1.11843
-2.02934 1.16193
-2.06277 1.20538
-2.09617 1.24877
-2.12954 1.29213
-2.16288 1.33544
-2.1962 1.37871
-2.2295 1.42195
-2.26278 1.46515
-2.29603 1.50833

4 1
3.93862 1.06713
3.87718 1.13433
3.81568 1.2016
3.75413 1.26892
3.69253 1.3363
3.63089 1.40372
3.5692 1.47119
3.50747 1.53869
3.44572 1.60622
3.38394 1.67377

3.38394 1.67377
3.44575 1.70651
3.5075 1.73922
3.5692 1.77191
3.63086 1.80456
3.69247 1.83719
3.75404 1.86979
3.81558 1.90237
3.87708 1.93494
3.93855 1.96748
4 2

1 -4
1.06713 -3.93862
1.13433 -3.87718
1.2016 -3.81568
1.26892 -3.75413
1.3363 -3.69253
1.40372 -3.63089
1.47119 -3.5692
1.53869 -3.50747
1.60622 -3.44572
1.67377 -3.38394

1.67377 -3.38394
1.70651 -3.44575
1.73922 -3.5075
1.77191 -3.5692
1.80456 -3.63086
1.83719 -3.69247
1.86979 -3.75404
1.90237 -3.81558
1.93494 -3.87708
1.96748 -3.93855
2 -4

-1 4
-1.06713 3.93862
-1.13433 3.87718
-1.2016 3.81568
-1.26892 3.75413
-1.3363 3.69253
-1.40372 3.63089
-1.47119 3.5692
-1.53869 3.50747
-1.60622 3.44572
-1.67377 3.38394

-1.67377 3.38394
-1.70651 3.44575
-1.73922 3.5075
-1.77191 3.5692
-1.80456 3.63086
-1.83719 3.69247
-1.86979 3.75404
-1.90237 3.81558
-1.93494 3.87708
-1.96748 3.93855
-2 4

-4 -1
-3.93862 -1.06713
-3.87718 -1.13433
-3.81568 -1.2016
-3.75413 -1.26892
-3.69253 -1.3363
-3.63089 -1.40372
-3.5692 -1.47119
-3.50747 -1.53869
-3.44572 -1.60622
-3.38394 -1.67377

-3.38394 -1.67377
-3.44575 -1.70651
-3.5075 -1.73922
-3.5692 -1.77191
-3.63086 -1.80456
-3.69247 -1.83719
-3.75404 -1.86979
-3.81558 -1.90237
-3.87708 -1.93494
-3.93855 -1.96748
-4 -2

1.08317 -3.04715
1.14241 -3.08091
1.20161 -3.11466
1.26076 -3.14838
1.31987 -3.18208
1.37894 -3.21576
1.43797 -3.24943
1.49697 -3.28308
1.55593 -3.31671
1.61486 -3.35033
1.67377 -3.38394

3.04715 1.08317
3.08091 1.14241
3.11466 1.20161
3.14838 1.26076
3.18208 1.31987
3.21576 1.37894
3.24943 1.43797
3.28308 1.49697
3.31671 1.55593
3.35033 1.61486
3.38394 1.67377

-3.04715 -1.08317
-3.08091 -1.14241
-3.11466 -1.20161
-3.14838 -1.26076
-3.18208 -1.31987
-3.21576 -1.37894
-3.24943 -1.43797
-3.28308 -1.49697
-3.31671 -1.55593
-3.35033 -1.61486
-3.38394 -1.67377

-1.08317 3.04715
-1.14241 3.08091
-1.20161 3.11466
-1.26076 3.14838
-1.31987 3.18208
-1.37894 3.21576
-1.43797 3.24943
-1.49697 3.28308
-1.55593 3.31671
-1.61486 3.35033
-1.67377 3.38394

2.03005 0.709451
2.03627 0.64709
2.04249 0.584702
2.0487 0.522299
2.0549 0.459889
2.06109 0.39748
2.06728 0.335077
2.07345 0.272683
2.07962 0.210299
2.08577 0.147925
2.09192 0.0855565

0.709451 -2.03005
0.64709 -2.03627
0.584702 -2.04248
0.522299 -2.0487
0.459889 -2.0549
0.39748 -2.06109
0.335077 -2.06728
0.272683 -2.07345
0.210299 -2.07962
0.147925 -2.08577
0.0855563 -2.09192

-0.709451 2.03005
-0.64709 2.03627
-0.584702 2.04248
-0.522299 2.0487
-0.459889 2.0549
-0.39748 2.06109
-0.335077 2.06728
-0.272683 2.07345
-0.210299 2.07962
-0.147925 2.08577
-0.0855563 2.09192

-2.03005 -0.709451
-2.03627 -0.64709
-2.04248 -0.584702
-2.0487 -0.522299
-2.0549 -0.459889
-2.06109 -0.39748
-2.06728 -0.335077
-2.07345 -0.272683
-2.07962 -0.210299
-2.08577 -0.147925
-2.09192 -0.0855563

2.29603 -1.50833
2.30319 -1.58571
2.31034 -1.66303
2.31749 -1.7403
2.32464 -1.8175
2.33179 -1.89463
2.33894 -1.9717
2.34608 -2.04871
2.35322 -2.12565
2.36036 -2.20254
2.3675 -2.27937

-1.50833 -2.29603
-1.58571 -2.30319
-1.66303 -2.31034
-1.7403 -2.31749
-1.8175 -2.32464
-1.89463 -2.33179
-1.9717 -2.33894
-2.04871 -2.34608
-2.12565 -2.35322
-2.20254 -2.36036
-2.27937 -2.3675

1.50833 2.29603
1.58571 2.30319
1.66303 2.31034
1.7403 2.31749
1.8175 2.32464
1.89463 2.33179
1.9717 2.33894
2.04871 2.34608
2.12565 2.35322
2.20254 2.36036
2.27937 2.3675

-2.29603 1.50833
-2.30319 1.58571
-2.31034 1.66303
-2.31749 1.7403
-2.32464 1.8175
-2.33179 1.89463
-2.33894 1.9717
-2.34608 2.04871
-2.35322 2.12565
-2.36036 2.20254
-2.3675 2.27937

0.49879 -2.52781
0.45765 -2.48437
0.416471 -2.4409
0.375252 -2.3974
0.333992 -2.35386
0.292691 -2.31029
0.251347 -2.26668
0.209962 -2.22304
0.168535 -2.17936
0.127066 -2.13566
0.0855563 -2.09192

2.52781 0.49879
2.48437 0.45765
2.4409 0.416471
2.3974 0.375252
2.35386 0.333992
2.31029 0.292691
2.26668 0.251348
2.22304 0.209962
2.17936 0.168535
2.13566 0.127066
2.09192 0.0855565

-0.49879 2.52781
-0.45765 2.48437
-0.416471 2.4409
-0.375252 2.3974
-0.333992 2.35386
-0.292691 2.31029
-0.251347 2.26668
-0.209962 2.22304
-0.168535 2.17936
-0.127066 2.13566
-0.0855563 2.09192

-2.52781 -0.49879
-2.48437 -0.45765
-2.4409 -0.416471
-2.3974 -0.375252
-2.35386 -0.333992
-2.31029 -0.292691
-2.26668 -0.251347
-2.22304 -0.209962
-2.17936 -0.168535
-2.13566 -0.127066
-2.09192 -0.0855563

-2.09192 -0.0855563
-2.14081 -0.0619225
-2.18966 -0.0383168
-2.23847 -0.0147386
-2.28723 0.00881278
-2.33596 0.032338
-2.38464 0.0558378
-2.43328 0.079313
-2.48189 0.102764
-2.53046 0.126193
-2.57899 0.149599

-0.0855563 2.09192
-0.0619225 2.14081
-0.0383168 2.18966
-0.0147386 2.23847
0.00881276 2.28723
0.032338 2.33596
0.0558378 2.38464
0.0793129 2.43328
0.102764 2.48189
0.126193 2.53046
0.149599 2.57899

0.0855563 -2.09192
0.0619225 -2.14081
0.0383168 -2.18966
0.0147386 -2.23847
-0.00881274 -2.28723
-0.032338 -2.33596
-0.0558378 -2.38464
-0.0793129 -2.43328
-0.102764 -2.48189
-0.126193 -2.53046
-0.149599 -2.57899

2.09192 0.0855565
2.14081 0.0619227
2.18966 0.038317
2.23847 0.0147388
2.28723 -0.00881261
2.33596 -0.0323378
2.38464 -0.0558376
2.43328 -0.0793128
2.48189 -0.102764
2.53046 -0.126193
2.57899 -0.149599

1.91998 2.97845
1.95585 2.9175
1.99174 2.85651
2.02766 2.79548
2.06358 2.73442
2.09953 2.67332
2.13548 2.6122
2.17145 2.55105
2.20742 2.48988
2.24339 2.42869
2.27937 2.3675

-1.91998 -2.97845
-1.95585 -2.9175
-1.99174 -2.85651
-2.02766 -2.79548
-2.06358 -2.73442
-2.09953 -2.67332
-2.13548 -2.6122
-2.17145 -2.55105
-2.20742 -2.48988
-2.24339 -2.42869
-2.27937 -2.3675

2.97845 -1.91998
2.9175 -1.95585
2.85651 -1.99174
2.79548 -2.02766
2.73442 -2.06358
2.67332 -2.09953
2.6122 -2.13548
2.55105 -2.17145
2.48988 -2.20742
2.42869 -2.24339
2.3675 -2.27937

-2.97845 1.91998
-2.9175 1.95585
-2.85651 1.99174
-2.79548 2.02766
-2.73442 2.06358
-2.67332 2.09953
-2.6122 2.13548
-2.55105 2.17145
-2.48988 2.20742
-2.42869 2.24339
-2.3675 2.27937

